# Created by Octave 3.8.1, Fri Nov 07 16:48:33 2014 CET <damien@ubuntu>
# name: code
# type: cell
# rows: 1
# columns: 4
# name: <cell-element>
# type: matrix
# rows: 20
# columns: 16
 -32.45265868880966 -20.65038317167863 -26.44658212822692 -8.586493569519162 -30.310659424766 -17.9432333595439 -20.69891788407258 -7.839844993681019 -30.87097076324202 -18.43472582917044 -23.40366223247592 -3.135501367987674 -27.7008067024366 -16.47923290125046 -13.15066006419776 -4.07222543382049
 1.01810569223611 1.5815469647795 6.72767239204311 13.02311399085333 3.520723590798057 3.505894417127402 9.945122181539814 4.92471137757304 2.445820614291688 2.782157597896064 7.938162837700811 15.1576979565894 4.890052371067322 4.058653782498224 12.6107047361284 3.008836117965351
 2.51246897761105 2.243151618995103 6.558142846072019 3.414308068086039 4.651577381311822 3.821013058009466 6.391790872176093 -1.888035547872215 3.305083863534777 2.567351820337668 6.125347317776156 1.822133586775066 5.298489547425858 3.371256721769598 5.737635424408339 -2.479348948998896
 -0.7785907883529963 -1.301684756967278 3.577645646811095 0.7832540578912994 1.446740576260788 0.3570227800017381 1.908138986179602 2.562701681817038 0.08499229914582175 -0.9012807657385365 2.542618366386735 -0.009331825745124865 1.432522971233824 -0.4260866466009564 2.110415111838488 3.830143431038093
 -0.4552575812123876 -0.3268024696401085 3.484560313213011 1.156511747440448 1.304268478297779 0.8028365571759247 -0.4185062831872879 1.554722249997155 0.3538204110772976 -0.3055917339488476 1.425644505896544 1.88561960934609 0.4864452521129728 0.2664201589633795 -0.4737688375163986 0.9176749926424996
 -0.4006723297960296 -0.2121209677167118 2.678626000439456 0.4715974019095725 1.136764533079199 0.2424356233402416 -1.92651097248692 0.3954561832494679 0.1367234051143144 -0.6403452036743659 0.4039623244483408 0.9919698273112284 0.2011555130664207 0.1624510270385435 -2.191317299041492 1.046754732928317
 0.4665433737784713 0.40297999488444 2.293738947068092 0.2616152565751526 1.382590451858549 0.9493145086844773 -0.8092469590165248 0.05492376353713171 0.9484917129622994 0.369851903999128 0.8911274096930532 -0.04122020744493913 0.8365462501328483 0.8443471560868586 -0.8336960820915114 0.09551294670095259
 0.6170805600812579 0.1808014974034958 1.274368497332868 -0.9033018215499575 0.8629030389319861 0.7490598681327184 0.3043633193832007 -0.09593431685300263 0.4698458183540918 0.011757381202705 0.6346303830536375 -1.57460193473225 0.3581796936700044 0.5598009132557586 0.1655993877940752 -0.04154271870650198
 0.3583443248809863 0.06813438255293035 0.3247510553696151 -0.9882307643894804 0.6566604139486886 0.7043066561208934 1.261360621630198 -0.6047618830529279 0.2610787855140986 0.2382401068047294 0.5429403152931906 -1.173002852525564 0.296015655623498 0.4363917232090774 0.7414723164874779 -0.8090198074640282
 -0.1548060901120053 -0.09013023687455661 -0.3729434654939766 -0.5704236657229578 0.01412448360011155 0.00577874988779313 0.8163273671098852 -1.131305158939993 -0.109806417527543 -0.1209526944727036 0.3139393908254298 -0.511735279426049 0.2844549225608122 0.1243656256238608 0.3437566496978306 -1.125781017758639
 -0.124454854137839 -0.3453206240249351 -0.7006519544687793 0.04400204141917078 -0.1519422859745958 -0.1428205870961675 0.3195776002011148 -0.7686988635153371 -0.1529854208599729 -0.1644869485434215 0.2090994546891722 0.3961323838307749 0.11883289994246 -0.132421345596947 -0.1028990276919127 -0.5050546331606671
 -0.2115949893315223 -0.1665371090594496 -0.7490766027160669 0.5573333722980539 -0.1015604218867871 -0.1184748966187576 -0.08199203627924784 0.6019523969459863 -0.1165243656719071 -0.00682989899137474 -0.3874859764573041 0.7409388983206004 0.02863968300825779 -0.07094856314733269 0.1682639883428776 0.9099594383784276
 -0.07763432275170551 -0.08941712735368437 -0.7788057154249023 0.1414141425018244 -0.325329065405387 -0.1216464897180489 -0.05482924687812117 0.3064926946119736 -0.1219597846593159 0.1987766304078523 -0.5666656793821104 0.3052791168235559 -0.2587939846772613 0.02303144496796684 -0.01116887958768827 0.3006318472373304
 0.1048074357115097 -0.1720120604105087 -0.6432155479714865 -0.2564916164071201 -0.4688236419915722 -0.2352508095393473 -0.5776134567393209 -0.154518689497842 -0.05796496479049353 -0.07033537214699412 -0.7381047271501053 -0.2490463489631693 -0.3132782969181966 -0.04582080203195359 -0.4428356589416919 -0.2503865531276059
 -0.1449617996507687 0.1020291338020535 -0.6032087700258155 -0.04047216085881538 -0.4210227449659956 -0.3105107710212225 -0.7246608353627 -0.01893184756183871 -0.1126986560066387 -0.05451289408061197 -0.5529639765351861 -0.1442822769433242 -0.4872431373602077 -0.2114347304273549 -0.3758073609252113 -0.2325085475321295
 -0.1968412885346402 -0.165311122660698 -0.3704778809731625 0.03151333210928491 -0.4359639169013959 -0.337778611840015 0.05861466257471473 0.3844972374120739 -0.1838570760676601 -0.184104682951221 -0.2548300496204031 0.06750234903508136 -0.369984754971486 -0.2722908454895032 0.162586178176335 0.1804019338226375
 -0.1955683664623374 -0.3212088638347121 -0.1146932864667537 -0.3962956928204012 -0.3085125282890564 -0.2627903530825415 0.1686076312154208 -0.6004228973535221 -0.2258190954352653 -0.2045623938048929 -0.1298830027019221 -0.2277134368234737 -0.143021453161819 -0.3462819270384213 0.1949356882470911 -0.1876299465315828
 -0.05828439954395986 -0.1643871232107614 -0.01667162466038312 -0.4337608839897578 -0.209647374427217 -0.131606446468549 -0.1627996898586864 -0.4807212028682578 -0.1306653595820581 0.004252893926132749 0.1151820414592482 -0.4927004962710705 -0.08905805596779727 -0.09790823761204827 -0.03314904735451007 -0.4431635455039322
 -0.01922679715879321 0.098568099763056 0.005779196494576737 0.07519892963985367 -0.1573976251271116 -0.1286748480329957 -0.1764352018674396 -0.1219660582220374 -0.09445188702290215 0.07132087900639233 0.08131728400976068 0.3102424954677006 -0.04634107023779564 -0.06842986381202128 -0.2982098394726702 0.1659646543252195
 -0.06030207144467153 0.07145682611028567 0.05356846077172261 0.1808782400839453 0.03878724869428522 -0.05203561950639068 -0.06308406820215701 0.02023071246159837 -0.05188644483364237 0.1289012865235038 -0.007607657752460078 0.4408006235074142 -0.01835311157382892 -0.02568987740653953 -0.1391085365913223 0.2485230628858496



# name: <cell-element>
# type: matrix
# rows: 20
# columns: 16
 -32.3351084902327 -19.72296422738654 -21.90658655289459 -0.2574467154291379 -29.25001353059409 -11.60753590253315 -17.62771458373867 -8.151385590869515 -31.06232233050912 -13.81445575617524 -21.00712452233333 -4.691267440118733 -26.08703029224134 -10.62380083914218 -16.51135350813314 -4.492092794777308
 1.429976045357123 11.56027063050889 5.242593399444131 17.21676544040121 4.037233312604847 12.99858513861228 3.062270873769273 3.318969314842282 2.911809635953785 12.88693957613809 3.918239115027992 16.31118853580614 6.8831301979149 10.84316105669028 5.201047122663657 4.795827846784504
 3.07286997011515 7.953834561835981 4.952935042822732 -0.008277820093400648 4.906784823594071 1.950844533030042 3.371856448512573 -3.944979549522434 4.268885938021854 6.127871680058361 3.770277341266452 1.653711656803077 6.53269216438601 3.213856831536861 4.662119626201939 -1.292352321495676
 -0.1503792720499265 3.118816651625789 0.9006096522225288 -1.175460354454058 0.5938183441604566 -2.078750762378215 -0.3770785773409133 1.89839624415172 0.9296500464645175 2.72572717660651 0.2080998259494259 -1.164042839422065 1.733438605322192 2.843484143683934 0.5709385530915535 2.506593862576847
 0.002301227513513382 0.8213386144102989 0.9573504640539275 1.816356802545768 0.142014233614892 0.488897130617937 0.390665683830382 1.614598955611078 1.038537235996827 0.5804060681698908 0.10665290864322 1.525156091123762 0.3838795731283664 1.799420791591365 1.128464500101887 0.06479441727080409
 0.1000634431235876 -0.9571449441074673 0.7658643245685577 0.7523370820794106 -0.2847497862743624 1.090288370455348 0.29998581672464 0.1881037168146227 0.6186317762849368 -1.745807734206524 0.579087036133252 1.006114846872089 -0.6270788372666515 -0.2346718766659157 0.8830463197970931 -0.01617177031754928
 0.5392300603682855 -0.3165024507883287 1.15197666195175 -0.2642580308705285 0.2076880057156108 0.4458686935405486 0.9789302263698013 -0.8660495709107284 1.253036236878147 -0.6490813552941839 1.728111685479752 0.2320472327789939 0.06319362650349614 0.05574849531268907 1.359607926414801 -0.08446365831386497
 0.2229975600670659 0.5513750818491887 0.5335148791551634 -2.224834530036829 -0.06846993985889031 -1.204912305826593 0.5506912435140441 0.5429557042827221 0.8780198159566043 0.8805473861839127 0.860928622725484 -1.603892984767711 0.5540521110846672 1.150936675448371 0.9165202872123929 0.1335452224453886
 0.3949779489944101 0.740634871715436 0.3581580769008531 -1.566593682135203 0.2380874463537247 -1.441747504671931 0.3198539179159244 0.1284127761098015 0.4865859192552684 1.40381315570261 0.6140687321944384 -1.376036482239999 0.7380029050317635 0.6609611282552694 0.4735754422098308 -1.974629040129301
 0.07658037070717578 0.2573157727463683 0.06165351122475742 -0.6873484505163998 0.1759624129620616 -1.223341227053904 -0.01807843951091398 -1.257682955753047 0.110886037445493 0.1732340466127017 -0.2333092650250289 -0.7635595307925285 0.5046771412910811 -0.6812524684842761 0.05726707248456069 -1.693322641187542
 -0.01476508190621598 -0.1707709454315019 0.03493644914380992 -0.1825767128262996 0.1646708516997159 -0.4643441798765199 -0.04766965794383374 -1.451344427637034 0.03154336258831397 -0.2092782515369265 -0.2514098341518554 0.2332061384254126 -0.1262416361005409 -0.6686964727544646 -0.07201014689485252 -0.4676100920129931
 -0.1225600502072995 -0.5848720833713486 -0.05908487288685067 0.7049699329918944 -0.06069268985586176 0.6239383744345073 -0.008891774242494084 0.7906775939600442 -0.08355880389751694 -0.02328009413824538 -0.1498446659627655 1.042789745672442 -0.3746004761576713 0.05561795325490776 -0.1270781964448447 0.870741026983584
 -0.2027303384098231 -0.4947152774108926 -0.1139062707349733 0.6321541268150042 -0.2584908432458679 0.3904165739510053 0.02717914229205363 0.3730481407524629 -0.1135689306712107 -0.2380226919603147 -0.04806263595118502 0.3163242541107693 -0.4256939521771914 -0.1356015558919765 -0.09583240860732047 0.145314667157525
 -0.1913418933672714 -0.5240576823364594 -0.05494695413070137 -0.2083329490695411 -0.3034155285361103 -0.313792675058985 -0.1537923876804542 -0.02187776899623742 -0.4099929647047687 -0.3911605580379053 -0.2347203702312804 -0.3493685717747232 -0.6330256751044 -0.1102227228917458 -0.2696198842232093 0.05975302095378614
 -0.03941131612045334 0.03717031011164586 -0.309950981344963 -0.1634501073957801 -0.260066224806616 0.2940151865633643 -0.4114654598943928 -0.4344176920306704 -0.4142784335539555 -0.3083419230735029 -0.2706904838202982 -0.2174468541616896 -0.3303211301106935 0.001825765436387711 -0.4927244825967902 -0.1315043072567885
 -0.1868534482017483 0.178061922372451 -0.5029864638352691 0.03276399447513299 -0.1808286069916272 -0.0835944329536837 -0.338344851892908 0.1187053771150778 -0.4572068903079156 0.02674334856719484 -0.3639402525803637 -0.02478104963454957 -0.1556204335010775 -0.02940408600183841 -0.4553626823700077 0.2032350985179922
 -0.263679724970393 0.1184141539651826 -0.4689712768461601 -0.3541656053372823 -0.07711583847788525 -0.266408952456377 -0.2002364884138352 -0.09463310132825692 -0.3328499579756163 -0.1295921448135756 -0.3693960428596865 -0.3094869095380364 0.1748034697508652 -0.1578499846716764 -0.4438339390169931 -0.2849499896511244
 -0.09732328989917541 0.1070890192682355 -0.3585514386533981 -0.3300405545664053 0.0145152115893358 -0.3132394569884447 -0.1215113637986006 -0.05434351001132103 -0.207628770009826 -0.1712072392841887 -0.1035173025453869 -0.3436895576173227 0.2915852735993253 -0.234788973236234 -0.2007903475857414 -0.3074447884405174
 -0.01889654429115766 -0.08045811250514906 -0.1801793405673411 0.2397463800014765 0.04775639760387067 -0.2061626343759471 -0.04341200077582959 0.04890057862617502 -0.135605742855546 -0.1553348419358977 -0.3162874122756805 0.2308132558553405 0.024483737218898 -0.3025528137140874 -0.152030982152988 -0.1519195756620964
 -0.1443985971232849 -0.1936355846210437 0.008878961263538848 0.5375469559855357 -0.001868744376649737 0.2673934868133565 0.020190316082399 -0.1635685330353858 -0.1146827055015859 -0.1618118413608384 -0.1810569407222557 0.617361095052372 0.1318457541779313 0.05256746353355923 -0.1105086380739124 0.1560700426253968



# name: <cell-element>
# type: matrix
# rows: 20
# columns: 16
 -31.36602168026761 -20.28323765315579 -23.16097103926183 -8.468129227956888 -25.55937588250834 -7.007848729132761 -18.89456527236207 -6.433489774935983 -29.11720930166851 -14.39529899822378 -19.9455107650075 -8.063062860090474 -23.6238932380085 -8.215316944808455 -16.82897933779762 -4.634546344221681
 2.167640262148936 11.36301483913434 2.225029272598572 8.00531972653139 7.490914341874346 15.10000276255808 2.632439452828416 0.7984713466212786 3.682570401321947 12.91363378295305 2.673568738878162 3.561074847765977 4.169855035656155 14.39507925678917 3.882602845892751 2.573644060750422
 3.424952998194247 6.204642012527466 1.908653737646882 -1.189012769229376 6.256120522183916 2.008020456869779 3.004724977232574 -3.474398518235562 4.401388044687487 3.771454607229874 -1.645740343549801 -3.672741827271 3.379014601247554 2.57213746200846 4.032367459065211 -3.810305950002433
 0.3356599572591483 0.8363631087222104 -0.1152580216783689 2.941386330104567 1.61813496654007 0.6092828140744153 -0.5701068671240754 2.996877343492514 1.316776606140276 0.4094849257657355 0.8927023837057816 2.353947005750471 1.688605466633912 0.5146049441547952 0.4311935496737069 3.915634245507687
 0.4928058807218533 -0.7346417054144831 0.4778133551765597 0.9356085971635884 0.5953930318257024 2.237405557062773 0.05774275652608662 -1.291002875036579 1.325433410978863 0.4584902419735548 2.272699796015749 -0.1513587346289679 2.052735101029126 -0.2585061405910657 1.167067786327177 0.1418840090635972
 0.2086300349980251 -1.941710491337422 -0.5882656006926389 0.7857053705616674 -0.7239238491002969 1.38311881174031 -0.1167564564558289 -0.4728347779840278 0.34312381964817 -0.6003143844116029 -0.7647518040634397 -1.260742593899063 0.5301874046709516 -1.020700306043819 0.8057982687153341 0.6441404994730202
 0.6347253819119383 -0.872459250716309 0.1482973940136025 0.9449676655057354 -0.04651510711390001 0.6826682875131116 0.622921584932845 -0.116259463270861 0.8627131365532467 -0.2011895252245162 -0.1700468864842321 -0.8512494627646022 1.112579062896172 -0.3465216865199915 1.072453384159943 0.06099868629611933
 0.3135625145902105 0.2965790491840768 0.2975366729790728 1.329147609235044 0.4572606223537114 -1.715094579613017 0.3983033440226581 0.7440937828219 0.8277622165163816 -0.5310508762640883 0.3294106980486972 0.2753592364158054 1.026597099067118 0.5057377725009216 0.5210735289604441 1.140935189144357
 0.06637446954835076 1.172080984326772 0.2649667111969922 -0.6707497753569611 0.6543766505029399 -2.245352434527728 0.2638463237853714 -1.56569073312286 0.6660768550172188 -0.3658335463896248 0.3724741089920954 -1.035608614529928 0.6498852506496077 0.5407960397911231 0.5334087814212324 -1.444064466558484
 -0.07807392252511695 0.473127353987261 -0.0696647692083936 -1.522652561680872 0.3532601323372785 -0.3918486933675765 -0.05624088544854011 -1.423088189249567 0.1746929287087105 -0.06313799996464309 0.429228916930652 -1.922604048039152 0.08306152417716219 -0.1242309668819946 0.1026345932637448 -1.471830807775508
 0.1405451325270813 -0.05707850704778022 -0.1499221341987574 -0.343429397495972 0.2038240128629871 0.5434173683214029 -0.1080514172108655 -0.547722041879356 0.1139779363627338 -0.01848921870722615 -0.05550981071398805 -1.003946130705412 0.09625211953239908 -0.3472338965392768 -0.07741013869234856 -0.2552421372553158
 0.06280678759907142 0.1038782006272296 0.03676109382934505 0.2925250504950354 0.176112837480908 0.4315423092681472 0.02317874667392196 1.169671086884551 -0.02722935273428488 0.08045166740037217 0.1601423672545021 0.6649254804949641 0.0562065210414988 0.001929641121281368 -0.09157868913217815 0.9384838475554439
 -0.03614140880353407 -0.162599917287121 0.08836290936582336 -0.2191071090582269 -0.2281337817954556 0.489378681693623 0.02997188199093729 -0.3990673221940407 -0.27218682185093 0.2156576835167276 -0.3421638918754119 -0.01961785674914965 -0.2682402584562572 -0.0354797475845571 -0.192183942549507 -0.5856416955202027
 -0.252898429338703 -0.3389173242943166 -0.07372412055853189 -0.0933887940107455 -0.4175859615089695 -0.1491159624521545 -0.1101328021914004 -0.03984670877495859 -0.4753712739834337 -0.401871417098439 -0.3753480639822771 -0.07366105624110601 -0.5920571212805631 -0.4398775831389543 -0.3341404919629485 -0.1894199343991318
 -0.3105195928485768 -0.3916135723995918 -0.1705093884806059 0.04602620491837869 -0.3968141433647018 -0.09021427885247944 -0.3432893535502859 -0.09595070089783886 -0.4564584148893537 -0.2709269602702318 0.07437465898030872 0.07480497538958045 -0.4050956386297574 0.06892120950069489 -0.4391417552227789 0.2847495854751774
 -0.2996765785512785 -0.1879621328965125 -0.1773881787015997 0.07569275993030815 -0.4625452440865613 0.01058147130432045 -0.3078289143125967 0.1137949490523141 -0.4179713452320146 0.1661998769372207 -0.154869104814813 -0.0684290860606481 -0.4072304713941955 0.1864008995874548 -0.3347886882250217 0.154048689472186
 -0.2167994253171075 0.03776434315950659 -0.3875849774794897 -0.2198754558703315 -0.2354027187068719 -0.4590351127036305 -0.1320494159177174 -0.1890421677768944 -0.3717819454630003 -0.07778938529049007 -0.4873345420482526 -0.3271397130594662 -0.6965351063211566 -0.07481274596995073 -0.2082564759034799 -0.2676402813975654
 0.01255595984932445 -0.05069090596870281 -0.02633141616102707 -0.3381138862763147 0.1290652660817524 -0.3799339970239644 -0.07194111761100465 -0.1277924344761715 -0.1926270019531641 -0.2662876393023372 -0.2023930646101681 -0.540347518046955 -0.3760921541649468 -0.2737070700604787 -0.1285140183375792 -0.04551111414885555
 0.006145965779063162 -0.1985870357851836 0.1470493824255802 0.2596874745464764 -0.1106499384398542 0.1993782330989001 -0.1026548305189396 -0.1240881640038276 -0.1355964296173499 -0.1700463508482453 0.1691488503137988 -0.01861259047627937 -0.05076927118010988 -0.03466587013391911 -0.1176014396324463 0.09909675627700003
 -0.02082106715837776 0.08940328052768917 0.1224514378672943 0.1399911839593504 0.01622309075761106 0.2457929279917166 0.02637632992573286 0.2456440667351014 0.1005733467011208 0.1263114154293026 0.2330472503932926 0.2634858440211283 0.1882059682049997 0.04528907492666849 0.01648110505705895 0.06759106214826451



# name: <cell-element>
# type: matrix
# rows: 20
# columns: 16
 -30.88804924118141 -13.46937956320429 -25.4490157831817 -12.97997780352259 -24.53836601549787 -7.198441534756975 -17.73349340738146 -4.424459097255523 -27.975113732895 -10.32199869835802 -19.21158267513263 -10.44835433288929 -21.40995366525994 -3.248434435172918 -15.65729949843337 -4.903494910682536
 2.191205343147105 12.82482578668315 7.696699873910444 5.108467904479356 3.530059876617311 16.6702858032531 3.894079586921343 4.326909900938792 3.818091595719225 12.70419643797838 11.48182679931174 2.793609482174163 3.762224582812242 15.40840716291249 4.861758863015683 1.668337709293676
 3.393355672991648 6.008022774995562 6.499969329660394 -0.4931930686238479 3.186720046428618 2.802874593678729 4.156390748826105 -2.041725242551724 4.116019599325833 3.710071215903565 6.96574166564883 -3.100336411355061 2.960665214220966 2.466007590592519 3.708630654083668 -3.602723169904845
 0.2402018583176059 3.905128894888784 2.361679605025327 3.049395038817762 0.5831489958067485 -0.5839559536501341 0.4449283201506097 5.159535126789916 1.01520085268312 1.979077248651174 3.334078980416539 2.772218352759102 0.1342612136721703 1.27544345667466 0.08230258269598965 3.907224120090098
 0.0209862986304308 1.031958381869658 0.8156874062097553 2.029522318125595 1.062631417664344 1.160108589529082 1.098192812465562 0.7335878455956372 0.72553329580729 0.6874545238036253 1.084478888651049 0.3093389480972342 0.7020739932731047 2.054370206014487 0.8632437105778412 0.4416241428661893
 -0.3926259877275477 -1.874227362435196 -0.9222059647424558 -1.054410239891322 0.9403419343003032 0.4053685811786397 0.7037413704471505 0.297553158591732 0.07412410385103538 -1.008028416729815 -1.392206500509963 -1.682730705432849 0.2445796923526877 0.8412460371719723 0.5176030619125389 -0.6049119848628187
 0.7503159493692364 -1.198115571571816 0.004822662524096064 -0.5378994509533733 1.726953821774209 0.454558038116376 1.295367308019477 -0.9663542448607403 1.257392152540318 -0.7928211167159496 -0.876237237805466 -1.663512346938443 0.8761016808781362 -0.1313959481877058 1.285964065750297 -2.356628832359157
 0.4839694665645778 0.3685955951261202 0.402129124490282 1.089186530424334 1.461275227312551 -1.078637039657826 0.7997191618521537 -0.3753768344086555 1.131488428619777 -0.8773277673515405 0.5538735490969084 -0.301809266251531 0.7529293652047141 -2.155229576214013 0.830094552360428 -0.4742243629913187
 0.1475602434332661 1.182524689035497 1.035864667023764 0.2304799051146519 0.61251815985197 -1.167681576829539 0.6446329875078776 -1.938585503529695 0.8432058048550717 -0.5461982316635701 1.223081404661653 0.2600520282603768 0.8133128479378953 -1.839200078663975 0.4648588318786441 -1.142540127466658
 -0.2070877061460938 0.4594581107778974 0.5204282827408043 -0.0622216262989121 -0.6102492682291563 0.3223294139989101 0.07174893300873542 -1.531193796300585 0.06687523462504182 -0.111894930556415 0.5051961383675935 -0.3780169553811672 0.02577922883939271 0.3488430996123381 -0.1873829350804112 -0.907468764592668
 -0.05768451295693315 -0.3579969724333505 -0.07441344882521191 -0.1962551474153706 -0.5899243560063596 0.4321259262199689 -0.1431449946754861 -0.5818711050029461 -0.03937264457866004 -0.3332532620400115 -0.0874812488985391 -0.7176810510033824 -0.08785094486214703 0.4615030748114304 -0.104681509285568 -1.046001756873568
 -0.125762133446665 -0.1230891248263564 -0.02224346806207442 0.1043880334757897 -0.3159658677988484 0.3682481924342019 -0.1803984011403373 1.488076601916792 0.1195492597647074 0.001222475001270814 -0.06060551562753329 0.6796363307991391 -0.3388600732008605 0.2359967477184949 -0.1073721094844821 0.6366742350824161
 -0.1016534639468471 -0.02291402557135994 -0.05555160764169084 0.08449329438329416 -0.1370532996502922 0.4055896430828524 -0.3536820894919964 0.1483342230485271 -0.1169790267225667 0.1355041965694573 -0.1680568320292057 0.1500941494816285 -0.2720610051995045 0.5676441131468962 -0.4044693285553092 -0.3252441503313357
 -0.2459472573749947 -0.3613357772962217 -0.473552945518897 0.02680833636212111 -0.1317375511701899 -0.3367687458251737 -0.2212216723089043 0.1638984341019811 -0.5034596872485089 -0.06796724866720895 -0.7254021736894286 -0.003419901245186177 -0.08670030376753514 -0.0772469600453759 -0.1969738271664103 -0.04969556865857252
 -0.2279051175778312 -0.4896636338544534 -0.7506667102823175 -0.6474158686157231 -0.3196214777269948 -0.2474029242416972 -0.3096403439913719 0.1080069346901943 -0.5751526533980296 -0.07975248511343681 -0.5492552249298785 -0.4749697131635628 -0.3032527123509874 -0.2255988174321168 -0.2542778396185677 -0.6653499909866697
 -0.1478434665696981 0.07375184143865542 -0.1378493283463057 -0.02217974750092947 -0.4335734006223369 0.09053036972837035 -0.3783588099032234 0.04889157297160859 -0.3932641441245427 -0.05716496770959654 -0.1028463438588791 0.171207193573454 -0.2852017932277562 0.1497691775089936 -0.2343641548533339 0.3102569700182327
 -0.1123831846343345 0.1972151302166554 -0.1104362001659074 -0.1633747718063329 -0.3007202867380095 -0.4078205508154137 -0.3324176729571292 -0.3934637986828096 -0.4355794716804509 -0.2082910988467907 0.1839851595703219 -0.2445577056282012 -0.3429742716526074 -0.2588303894585878 -0.2306332025093381 0.03609670765246554
 0.01053327793906451 -0.2555585607960362 -0.1184110866626801 -0.3522129975126826 -0.130458518436486 -0.541997282758389 -0.1876891002565183 -0.3697188429473208 -0.2212273437876296 -0.4755114337124384 -0.1042708227628055 -0.1516123449922608 -0.1397427458497244 -0.6030155877199738 -0.1349170181954765 -0.4232949750221032
 0.03398503655700991 -0.1781122728818862 -0.01331192564798368 0.2634615439888482 0.0944916669357805 0.397835616570105 -0.1584302441533206 -0.04954976683353358 -0.1349963253045955 -0.1787476269171151 -0.1992435207245376 0.1167988556718739 0.1148484157681257 0.1257094220059329 -0.1198438442877809 -0.07447505555319303
 0.03137469504534883 0.122692492418397 0.09475697993971156 0.3314869340637346 -0.08830244999027673 0.4848413195785475 -0.04548238156317572 0.03016738671303811 -0.07521190101075564 0.2247777438071601 0.03096502102845544 0.4323300071674251 -0.07396455574087246 0.408184915801733 -0.06908489569075675 0.07707227770447468





