# Created by Octave 3.8.1, Fri Nov 07 16:48:09 2014 CET <damien@ubuntu>
# name: code
# type: cell
# rows: 1
# columns: 4
# name: <cell-element>
# type: matrix
# rows: 20
# columns: 16
 -29.35310255139545 -0.01242818612097827 -23.3490035812704 -10.78702885696735 -26.13906121588877 -3.163443574390724 -17.62246273625057 12.47780265802934 -28.0390770965925 5.778022845120716 -19.52174401520543 -10.44102825067099 -23.59376926266174 1.477555365689134 -16.33559195946843 -0.6436861924527585
 2.890394366224667 18.51614191162871 8.601469083464238 14.75507223440228 6.210221244321708 16.70589674821614 12.06434126415013 2.734225371539033 4.400907902636922 17.26315364021983 8.617240825487853 6.132681673773215 7.335311516691232 13.1512022653268 5.655243234553178 5.260483922543935
 2.789701003004458 0.9535526422735622 5.347346829475922 3.467250728859851 5.888762179534505 2.60596972000811 3.661082647445884 0.1103682068572149 4.128684937774347 -0.4564395067594924 5.669248188759675 3.069858742016443 5.727708948208189 2.624641095599956 3.35100233304088 2.774622197855171
 -0.7044590946449142 0.8335122974896934 1.230178747850432 0.6170547991662387 2.684487794408585 0.644027444988978 -0.474323331210015 -1.553839095833484 0.8032960499520304 0.706473996629664 3.015388507786903 2.023222746544983 2.482485333566512 1.432609733342387 1.636481905667478 1.392391379064185
 -0.05982421912659588 1.073222707062265 1.213045102968408 1.094914108494434 2.872388477139474 0.5900499265584922 0.664315018605162 -0.7133885791064845 1.442496457349732 -0.5502889769111261 2.195131180980132 1.130916459047851 2.407202065027616 1.209335732207963 1.315461181374565 0.4916259649922345
 0.1296026757044355 -0.2085419189980683 0.5781981546059597 0.4726509720811037 2.055100071450025 -0.3858257525389682 0.2955861468950945 -1.308307972008158 1.250739656721108 -1.507073387995808 1.262365027440324 0.8309485376307409 1.627280944299557 -0.02759411593673363 1.236781756575287 0.6049746549344166
 0.9289796082370767 -0.4249710331363366 0.09242179578313914 -0.3575294371338869 1.767113867356992 -0.6356784097231718 0.07278225893189252 -0.687996199095773 1.372880223872098 -1.494858787365729 1.15065090946987 1.222710607874743 1.877526271655886 -0.8103171517911124 1.282897536370204 0.8360090950922473
 0.2360759300895791 -0.9410494942883563 -0.8714031828114115 -0.9142134302392874 1.144829635193397 -0.9563408004572634 -0.6189246762756837 -0.170734725863914 0.7854865579475735 -1.234664686762954 0.273251945811144 0.5680854310144433 1.24947740625573 -1.491537152467797 0.9213089343540387 -0.006252496837414447
 -0.07483853822015792 -1.485444851787438 -0.6868998074645108 -0.3699974378537588 0.6711050330388021 -1.180264040866622 -0.645090314760152 -0.7184774136592579 0.6745815535529464 -1.369021061276048 -0.03059876744608755 0.1921342555410846 0.8063806423363457 -1.463512403016453 0.4612424955506484 -0.01769930566222125
 -0.3171182811259663 -1.243435363293988 -0.5712214879754205 -0.3953935516488639 -0.01096027934923261 -1.077195210247957 -0.7892846777264753 0.01854033020201129 0.1677647785924354 -1.2300726479881 -0.1960881131906501 0.5082112696727287 0.2649971418458821 -1.060070275925789 0.7154682045792353 0.3470853935830437
 -0.07154635187301613 -0.399175267275088 -0.1242516435800549 -0.2139035756641272 -0.1963653810471759 -0.3468712444415945 -0.01742041559395626 -1.053738341084084 0.08179580957377075 -0.6996765283092338 -0.2411710050838026 -0.2484842330480481 -0.1445754489359484 -0.3984220240436426 -0.1207758925858268 -0.6628265380410691
 0.1444922056851739 0.48721444662915 0.2324315508002024 0.2722572813960875 -0.2333209393950385 0.5309664309574342 0.1448411575546079 0.1189165736476379 -0.09133090038600486 0.3071882783165004 -0.2279739582937717 0.09684946714129926 -0.3131897246163921 0.4085118430264928 0.04653776769482601 0.2812149615301521
 -0.05533237945680984 0.3533403537158361 0.2680438246897929 0.3247604554272095 -0.4478549050254932 0.375185200607038 0.296230309505633 -0.05513974790886202 -0.330076451975967 0.3825163762016859 -0.2927993404288346 -0.01894942356406027 -0.5759270610327805 0.3449203856435389 -0.4689166729101714 0.05375701665975472
 -0.1280477441341636 -0.1114444487844208 0.07522985445696088 -0.2720652600048619 -0.6412974043033535 -0.2327321257901058 -0.0009746273404471778 -0.5356312824582886 -0.4358787299784145 0.0589738376479952 -0.5222301483807333 -0.624933315182523 -0.7600171188021533 -0.09526858157835484 -0.9995058913825901 -0.6865481695848147
 -0.1777700757786779 0.1772611679831695 -0.05835902857376746 -0.1031441559345287 -0.7036627232540499 0.0094668336979117 -0.2854593895244245 -0.09753065770124236 -0.4332181882452772 -0.06572213304689194 -0.3340063185826322 -0.2859557203361048 -0.6984008640877237 0.05519985113758644 -0.2537438329688176 0.3831479611198295
 -0.1395258394487105 0.1278812089249463 -0.1022878815692163 -0.2134868492233665 -0.5962189345784765 -0.05902155926913186 -0.2300466715598891 -0.1205251196128106 -0.4572409636873491 -0.402799985710862 -0.04637136042937764 -0.4270852993438358 -0.5679332670357066 0.07250217592118705 -0.2567178625238346 -0.3029336744858945
 -0.1563062330544974 -0.1933517530119143 -0.1277290034362891 -0.2053076600460241 -0.5498228105126014 -0.2258320994541371 0.01791649711804297 0.2336005180305838 -0.4405688542094799 -0.3871989725951797 -0.2234370329599086 -0.3433555324600895 -0.4954050760986477 -0.1364961378230514 -0.3384676663247355 -0.340333631395218
 -0.1085483515765062 -0.4822392431132069 -0.1280672197271736 0.1406900226280359 -0.4584858705190403 -0.270624569420656 0.1522883253752745 -0.6087505400343407 -0.4132729470814149 -0.4545388932810899 -0.2039200695434476 -0.5293556474689199 -0.398754601813441 -0.4411294902166541 -0.4819153859274046 -0.2185871299101093
 -0.1285573554481869 -0.1523661825135397 -0.1595541076621757 0.02426070179088191 -0.2424058400366785 -0.1632344048230695 -0.1328994512269916 0.3388890204008063 -0.2587441944634723 0.1550376786022509 0.06966335597277924 -0.05730617176989834 -0.2046225528156356 -0.3074596537880646 -0.1585842665572975 0.3056210603869688
 -0.005636758892971484 0.296139215711693 -0.0913734788583373 -0.1343056964784295 -0.1655460802808144 0.1900740127605663 -0.1236663602036084 0.3592722473200725 -0.0896203985041879 0.485270943475578 0.06201465514437131 -0.1350199545536526 -0.1794985368836348 0.05185192642252236 -0.2974103788879174 0.02420426487516309



# name: <cell-element>
# type: matrix
# rows: 20
# columns: 16
 -29.95071658839165 -5.917471099244607 -22.8519816180737 -0.3104200739718815 -24.53389472484778 -4.570348142495301 -18.57247728483795 6.50900986560628 -27.4909402569428 -9.553586561816088 -17.79982907068344 0.935726951316446 -21.62524807254615 -2.686676960082249 -16.75650470897198 6.682576434071116
 3.81730761552841 19.19997460673427 8.761091067460137 19.41389954418833 2.581859167960478 15.80279026758549 3.521042807543354 17.58753905302167 6.15199835966807 14.93964706606246 11.96804752599108 17.14757543013076 3.889678451763987 12.48086819020909 3.54128599623003 15.36526124312726
 4.100828222979337 4.266100308843417 6.147203304025422 2.472341173528695 1.433049994852653 4.209094490639441 3.662573797919451 -0.8120866569113495 5.818182221283546 4.323148040492065 5.66197403519072 1.536665684065203 2.71702641570321 3.329612756855033 3.036399233852941 0.3434308511553352
 0.1717756652115192 -0.7929227270988196 2.186751113154323 -0.01439812959124133 -1.910332993233763 1.871384164742036 0.06175649411019452 0.3326287413708601 1.864678316327313 0.2595742774169215 1.042767682783867 -0.1516604939393965 -1.096583886236811 0.8891959479751007 -0.8451918512168036 -1.153044351159574
 0.5863711491775304 0.8249328843143049 2.222961623446472 0.3230446171511153 -0.1387327893806076 1.111486240432718 0.4619265754536813 -0.6199447789963105 1.41033603894738 0.5319305898557741 1.523393627482717 0.4769666151889759 0.1834293682093629 0.6423458452226872 -0.2204365701984975 -1.422145779669898
 0.4211932724751367 1.286726715685115 1.678429149357658 -0.2300680500973132 -0.06221361042845317 0.5460215681133811 0.21523925138299 -1.198555150747247 1.150865144393074 0.3757817232927341 1.074452120707626 0.1243571507902267 -0.03080715980607268 0.5399092867058566 -0.2808036613022494 -1.832152643023774
 0.8471028065820831 0.5608643037389934 1.260929273165783 -0.2839011777695287 0.2693403192311279 -0.3178517708646984 0.9875152567012279 -1.197628616785762 1.503458255633464 0.101906408329337 0.7900162131355301 -0.7307146454532876 0.1387687866392447 -0.1872749196706292 0.8251099809819991 -1.861238673283027
 0.2450858229147487 -0.6529179339324096 0.3563907436471209 -0.9301256896239051 -0.4969146727783069 -1.243960141077274 0.6523524291137299 -1.340335000538329 0.7298397439833569 -0.6920111351986393 -0.09097624264864347 -1.583276741183031 0.150551284732918 -1.220253428523627 0.4077339606759715 -1.978612830353345
 0.04281287400881502 -1.447813078461895 0.1705549803952264 -1.271633264793326 -0.4021283594668985 -1.200932431269392 0.4086242820160185 -1.298806943786134 0.4364279743353627 -0.5946350969451727 -0.5666557453394595 -1.331960048417636 0.1521990142751584 -1.429176710350207 0.2458814748189238 -1.789492343175813
 -0.2981138208269816 -1.365571088259098 -0.2958068313365785 -1.510392930068305 -0.03871021449665867 -0.9767627755938266 0.1180084641867728 -0.8880857934295708 -0.2191014664702066 -0.8568436490924257 -0.6915965183974617 -1.17942417472513 -0.2377696889005886 -1.055040044948023 0.117902105060527 -1.854724972460073
 -0.08173151704354188 -0.4352354518140492 -0.6129155149342709 -0.3665268502219824 0.1587239376381556 -0.16694380136683 0.3169071621563775 0.009517956877716742 -0.3116186937989696 -0.5699823944631656 -0.6305851793322046 -0.3464173073484788 -0.09160794106215356 -0.2641583222891183 0.04388514796922467 -1.223184646169956
 -0.04825210465332001 0.2717960677184922 -0.5715557730295189 0.6637551829669736 0.07117775500381526 0.4093271290480564 -0.06020343465043886 0.417933757924536 -0.3408038385452747 -0.1135006479798485 -0.4466025454683419 0.6941454482467651 0.02443014592689728 0.3665410066574424 -0.006354341054385671 -0.09055877612488805
 -0.03161959080664915 0.3655276545148535 -0.4603622770328059 0.4171063589365311 0.02443745144542557 0.1050147812242925 -0.1104121295172474 0.1997512575156027 -0.4417822237254498 0.09104031718700979 0.04383245367841334 0.5708305866812018 0.1783214097745917 0.349644592787589 -0.1546946781710412 0.3291041088722727
 -0.1542030726826336 0.06679942822457145 -0.3849877138178665 0.003873503324885929 -0.0535348848141354 -0.1913176133003885 -0.2247756932952236 0.3197593502853245 -0.30165574280158 0.1566549652698271 0.003262646105762559 0.1403775799292101 -0.2216233086664945 0.2240313816693589 -0.1122106011458278 0.169180831647308
 -0.2268642404583158 0.196301847267514 -0.259402340149531 0.2730255921388042 -0.1385238625722209 0.1441120624140783 -0.436239064863559 -0.09150895670970684 -0.4712698212366104 0.2180682413534267 0.1257496724200529 -0.1409726551038801 -0.1786932445058153 0.1819814612894717 -0.215449186720654 -0.198463587153125
 -0.2960192536021096 0.1942460374128168 -0.2296178025431659 -0.1831839390992643 -0.192172955342379 -0.06872595925528863 -0.3929504671318128 -0.4927080905657513 -0.4363484736311445 0.03335521693721018 -0.04217355269194067 -0.4139694495678752 -0.1821743561296625 -0.1307567063396138 -0.1545297721384191 -0.7069241503268795
 -0.1432999546487218 0.06555607852762466 0.1472148893735001 -0.3531521602278744 0.01860127490709554 0.05553721805226919 -0.2860290472216089 -0.205271734505529 -0.2098032476950115 0.05631386034245495 0.1548447915721302 -0.1720451021324366 -0.08379275272441998 -0.2679311720369135 -0.2643613263110508 -0.6613677343065842
 -0.08739905056287002 -0.3804037186983837 0.1288618586737274 -0.3321130147472846 0.1083866956920409 -0.2186502316662922 -0.04736058433946242 -0.2466421322360617 -0.06703014916051772 -0.1450319045759541 0.08780696767283737 -0.2637174370335837 0.030993544096043 -0.3325589618982847 -0.1143823707353545 -0.4932781258563113
 -0.08845339196986425 -0.3916918285026959 -0.04045369717212656 -0.01990191541206854 -0.05209810023987994 -0.1797922871396157 -0.1964495808784784 0.05395273752517084 -0.01890441571470478 -0.4048507738254048 -0.1439037179072439 -0.1472392023539529 -0.06119411425555975 -0.2311996737044696 -0.06040812424283986 -0.004251784511337717
 -0.01909414697917868 0.0791217250597656 -0.1084184250601395 0.5103936211807767 -0.1834771109000615 0.3884474913708953 -0.06075461866690327 0.5851180810275552 -0.02086026846560814 -0.09343893494244986 -0.1747063427655068 0.5836144365763717 -0.1699865770589261 0.07976417972513003 -0.02166453351748584 0.5088609544294492



# name: <cell-element>
# type: matrix
# rows: 20
# columns: 16
 -29.97174370558157 -9.529494904181488 -18.41389768309027 7.347720584811904 -23.8342844303819 -2.767795769184334 -19.05302823787119 -2.229252693823667 -26.21522506995779 -6.537115403593806 -15.2119166378496 7.823517389433093 -23.23626943522412 -2.204174601618342 -15.92131149485647 1.632652101575869
 3.180242198402687 16.63988488803225 10.78988060489936 17.69733499318576 4.930777844884071 16.09326451704172 3.311229078398805 18.94724655757001 3.685298034415572 15.20798265184696 12.67629487552505 15.36280015869886 5.543774806023198 12.70082060828536 4.551665879219886 16.99979707477577
 2.902223100344588 4.808715511148081 7.44377726549344 -1.291983079366464 0.7928259129395457 3.502688291368778 3.025518523857035 2.230693338698459 2.933725045178442 2.066522831537009 5.155383444272363 0.3038757570745139 3.862116528288805 2.782151443906932 3.686207434409823 1.274910853218924
 -0.3622293189173726 0.490801806639232 3.27524689030754 -0.1514736620237322 1.937402201686662 1.328201440643257 -0.8452464650616537 -0.4768727328610169 -0.3910236353119532 -0.1714111141564414 1.538022384254234 -0.7208171652744343 0.3010844999643054 0.4848808894336936 -0.3030178681672663 0.9538684692626709
 0.4600903095902342 0.2258643838611133 2.329413699992503 -0.7266013068455528 5.451797855508919 0.7034497770615463 0.1079284709105704 0.7370409694186451 0.5344849924996734 0.8127897276682398 1.200222632777977 -0.5962007367336974 0.6532751959843981 0.1702020991086004 0.5324995499156385 0.03857387831115011
 0.2572590841092038 -0.3588925221682551 0.9297877536226382 -0.5093266272199609 2.320658245074301 0.3570270288721613 -0.03380549611034753 0.3804904012722342 0.2540287309309759 1.237528674747727 0.6409610199880398 -0.8867237378909719 -0.0266331835132886 0.04127611166605822 0.3612981627640465 -0.2503609604507865
 0.6598348314620599 -0.2241345173610955 0.4756441813970262 -1.042663214122442 -0.02149211544416106 -0.03289460214683918 0.8026507976579557 -0.3301136501708448 0.644433722860194 -0.1019935687534601 0.5855522970037293 -1.471707414701466 0.7063298433793249 -0.5960688320509212 0.8951830079128793 -0.8444964869473697
 0.1038781001936461 -0.8003516873330379 -0.5927078047884987 -1.368834682133775 0.5452335675487371 -0.7355656158227982 0.2910679708165488 -1.332842498345691 0.4232747369578008 -1.534420643439899 0.08210854948567547 -1.501500295876101 0.3952505784739659 -1.696634935944896 0.4058516335697918 -1.52223495440677
 0.1998211155705992 -0.9278922504048593 -0.5615130569773868 -1.209724900687881 2.591629685008844 -1.197189678321 0.2081000007999768 -1.463063462034144 0.5354300046245709 -1.15158535640946 -0.05385134795091385 -1.318437760871856 0.2776466914423109 -1.788047394021373 0.3155192739484457 -1.025475355286844
 -0.00267157549572706 -0.4847303299247265 -0.9033850635434167 -1.104758587609695 0.6614673635298527 -1.049524364223154 0.01064426861072946 -1.040473567576041 -0.2362217339290504 -1.37577321689 -0.3374047991264287 -1.837365804103841 -0.2800901989792589 -1.228959794698502 -0.05511517200765436 -1.217462828901319
 -0.03454075561059282 0.07770379427010339 -0.5519425672834261 -0.6200409574603553 -1.700063441748572 -0.1922733165560442 -0.04327103262989775 -0.490337874705279 -0.3111836648947421 -0.7897123719805391 -0.3077993150011156 -1.455333290423592 -0.2617368377173921 -0.3995002701966158 -0.08311157265812009 -0.8247042313828643
 -0.1127547147296891 0.2789057614324085 -0.003272323207414445 0.04777697125058582 -0.5688938053529619 0.5187967305728499 -0.1489114942411983 0.282074484230809 -0.07252095540575715 0.2760458953659424 -0.1404371775593984 -0.1586219929340131 -0.1268829397315729 0.2638943711549621 0.0100390160302648 0.383031572193643
 -0.08214332860448234 0.5636958528264904 -0.03487976747790078 0.2730726475768978 0.2964800344788733 0.2683136778760633 -0.1935926196042859 0.3603169659480359 -0.0536545107629939 0.2374709907463041 0.2609218424518918 0.3934101599450607 -0.03855579484629466 0.3975640916508738 -0.01413276230178925 0.4969149085363196
 -0.07216712840658043 -0.002820180640117804 -0.009618481421381589 0.3036957678404971 -0.57364639811719 0.02176755849593673 -0.1705313709651082 0.1452915900759242 -0.01046059087494984 0.1777887977786143 -0.1807069076392121 0.3609079839258794 -0.01477895076884079 0.1670411041168396 -0.09486222205079518 0.1144467964982361
 -0.1914521080157344 -0.1391749128688289 0.03937213601135092 -0.0862258034539931 -0.824469520004358 0.1020762560014834 -0.2561949339525602 0.245319086237406 -0.3306065608321019 0.6121116076364516 -0.2697155210907191 0.2873996612439336 -0.2344513371819949 -0.03998228401581736 -0.2986295931654522 -0.06299037860306779
 -0.2269927257428231 -0.3383568437179231 -0.08159783914560344 -0.3018732443725157 -0.6611514685391718 -0.2045636808778185 -0.2757929001315498 0.09210031255172037 -0.1523317040811988 -0.1840280939211551 -0.3106911625761234 -0.2472823983020309 -0.1085892141279706 -0.2106109482238722 -0.284914400788347 -0.467424354518701
 -0.2507744534394554 0.06728275051701973 0.1288856677814249 -0.4703787251273283 -0.4588501916356725 -0.150584429072167 -0.08413465395591549 -0.320961192237346 -0.2509007005810475 -0.5185802896700713 0.03990996857985365 -0.8199475259946819 -0.1287258750942378 -0.1721213943444797 -0.2781765937198048 0.02493998130721605
 -0.07475218745444008 0.0404097275368089 0.005685487117243981 -0.4116635781469543 -0.4276466826040867 -0.1652281718460601 -0.03867375421802263 -0.4261041849953711 -0.03784901340933794 -0.3688453613572386 0.03785902319897248 -0.7690118374433066 -0.1009556239896105 -0.3078183682679276 -0.1110882273657415 -0.2679723648264917
 -0.04640706790973046 -0.1576785281611783 0.03301931568993904 0.05317477735971123 -0.4630238705528695 -0.06614178554575822 -0.03309974607534184 -0.0731515815226863 0.00241298393279813 -0.1637234580100387 -0.08545600195956016 -0.09686095940986264 -0.06501797752274173 -0.3591513609863867 -0.04645576150788611 -0.4067236769641823
 0.01769684076224159 -0.3436056239611407 0.06188584486203969 0.5379246006342066 0.1329345555092115 0.1740911367552699 0.03979364899447552 -0.02627258566439769 -0.1038174655817675 0.2959754372465023 -0.1031466721582809 0.4432681691916699 0.01474815963396542 -0.1033865721894893 -0.06576855869400491 0.4877342549746768



# name: <cell-element>
# type: matrix
# rows: 20
# columns: 16
 -31.06543989508652 -0.05759058497019287 -22.34767768653694 -13.62321825469712 -29.61855997312968 7.649658947138755 -18.80742575518072 -11.18422309902787 -29.01487404217082 0.009356907724165022 -23.31072387421483 -5.970329163306621 -26.31310953706736 6.830022994701572 -18.28243142161075 -6.621442792931806
 1.778463018520368 18.43556033792586 10.00786286867973 14.32645763305601 3.587171442877674 16.68435616591013 11.5315702038757 6.524673755526186 3.078984234727821 14.29756308526651 7.997678842896671 16.7915917715949 5.691727897170247 5.225632797360874 7.761594554311141 4.795138732457656
 2.527688384959667 2.090913725439363 7.212141942884097 4.50248127255337 4.001508721848966 -0.8743535336019962 4.914964417660871 3.75604725143207 2.630602356736266 3.361069742857444 4.461123084258378 3.958269256822295 4.557394929560283 1.230683886975429 3.50578930202746 3.560138670181349
 -0.6509601090475803 0.2678933110820966 3.181421085303213 -0.04165623588958125 0.3544549167131154 -0.0969593581483829 0.3894062723854833 2.24384941829945 -1.097795211866831 0.7142192716034983 0.4884080012996819 0.2643549387717707 0.9691649406973237 -0.2566068303651391 1.56823326963049 1.505120062217835
 -0.00361285380624376 0.5039241406227271 3.09167094345237 0.3003220055550576 0.7189919521239024 -0.6100909539585652 1.05709239656537 1.328097373450569 -0.6169834172533496 0.8155860995426046 0.7719583825451841 0.3143353013086882 1.150679431474106 -0.1253336432115274 1.79719496113415 0.439151899519197
 -0.1735273065502828 -0.1183774888721593 1.771978084584061 0.2386066133201185 0.5059031972836537 -0.1697964577000495 0.4355983940377453 1.048261552018568 -0.674894968893016 0.2823727002302482 -0.241816986967629 -0.01458004387046019 0.7658898017252312 -0.6465400182033346 0.8431123593594739 0.3262033018596824
 0.4046435283706015 -0.3688176201062074 1.348553623492183 0.7770564317467196 1.153179432566708 -0.8778154987501728 0.4822069040480246 1.990951226663171 0.154031630356101 -0.4354419028799741 -0.1317664102873159 -0.05103566789336964 1.277108817444395 1.313208532149738 1.11084026540679 1.590017514730286
 0.2112085967828772 -1.560703533928425 0.3982768663767759 -0.4457519604471128 0.7746716041900482 -2.10125570577603 -0.6647247771048044 0.8918444193163584 0.1196741092509742 -1.411554591520172 -0.6137719338421651 -1.071975435282274 0.5705552301343318 0.2423756166307286 0.5556900895889811 0.8040625311939404
 0.2245627788626126 -1.807919620260607 -0.005209356315834529 -0.7429210107364502 0.4273402617179779 -1.916376984874131 -0.7206960119160262 0.2819388037767261 0.1060406077686575 -1.536074568690072 -0.6243366922543716 -1.337468018039286 0.337347285823279 -0.2845580787396073 0.4071726500526988 0.01526248253857958
 -0.02337804152364746 -1.103274816340821 -0.5484941946577822 -0.6061383237058472 -0.0007181762380923829 -0.9323230842115673 -0.4966411028276516 0.6810344376198358 -0.03149191675596616 -1.066599999644119 -0.2642575943327661 -0.8400291558702648 -0.05660825768100803 0.659500952305161 0.2548612435272161 0.5642398285914748
 0.006600027932132116 -0.2844753713464 -0.5671352365619542 -0.5534299250398482 -0.04535135710447733 -0.545676549540614 -0.3021884722912088 -0.2058060546380946 0.1165107180001211 -0.4040170719828412 -0.08963154505480112 -0.3028929530276505 -0.09615617969394291 -0.7671910614398461 -0.4871154159913775 -0.6030528527988445
 0.135073047967787 0.2444289378399356 -0.3786085457721646 0.0334590660372044 -0.02234504485699026 0.04834942273850621 -0.01383284163726803 0.2471752189513041 0.2879989653091919 0.1631915298514933 -0.01606217989866016 0.03768969796326047 0.02657533958133717 0.3682602894171012 -0.1144942704079635 0.1124273662198896
 0.07932027839973002 0.4121124755390548 -0.1826511684459286 0.3466368088703788 -0.005123271977727188 0.473878621569612 0.4500176326481465 -0.4075739825179426 0.2955823303507117 0.3645805702458416 0.1465948941353273 0.4606603339986921 -0.1304986881366517 0.0359375626777443 -0.02316352273705622 -0.1683474247634774
 -0.1718720848378626 0.1525713291279156 -0.2905836356520101 0.2715050725971755 -0.2106779213474903 0.2997322693288356 0.3188060361422693 -0.8045682339803121 -0.06062843106720087 0.3558572479559906 0.1558423139035293 0.2791156669565651 -0.2462235412274741 -0.2919438692946297 -0.4694275296760045 -0.4926123955322781
 -0.2596929028213411 0.1572245570945505 -0.3467334650899808 -0.2024627358765116 -0.4052624944300734 -0.2033210189850137 -0.1649315225711221 -0.4075395182892668 -0.321105936683836 0.1789307203131988 -0.07113201133680772 0.0008721130681527134 -0.4597354707541491 -0.2094657808004705 -0.4273661053592305 -0.2981345949296482
 -0.2941521936397674 -0.394203712304166 -0.3438326828849559 -0.2677677311578194 -0.3988810565417054 -0.6385754117362556 -0.1383024278332952 -0.6219541535394197 -0.2205411989107766 -0.3965272802606919 -0.1879516412628948 -0.2153724202649953 -0.4411940498305217 -0.3841271498543563 -0.3420441677107703 -0.2447938370424187
 -0.2153254944421568 -0.3541190380810825 -0.1899003648915405 0.091555346116633 -0.3530433394492563 -0.5360978960842611 0.009756231376750716 -0.4671468755818338 -0.2140984188439322 -0.4395180320893539 0.02249912944392471 -0.1683763805408772 -0.3168821120014 -0.3299205622206547 -0.2475057398225392 -0.3967600904436289
 -0.05097584963351697 0.0209575711621197 -0.06561513631906231 0.06173854140104438 -0.1744174729678982 -0.09217698497674101 -0.1427141294882864 -0.4626714164020231 -0.0632540260516576 -0.06928044438648806 -0.2153747191715487 -0.0604708188896637 -0.1422346037518186 -0.07350853064793503 -0.1890790648574582 -0.2946810545578443
 -0.05752352715234035 -0.178128373531387 -0.04916813124854365 -0.2069873820992585 -0.1136230205700361 0.1866268114436791 -0.1288072718928634 -0.3235398729186209 -0.01604526097338187 -0.1232368029159205 -0.1820259301637521 -0.1575792227752475 -0.1204074194712004 0.07189912392647393 0.06330606926423597 -0.03823079341253483
 0.004458452297275343 -0.07082639676686467 0.003152116376175967 -0.1605180326347121 -0.1192212614003512 0.162292869382933 -0.05949936125933834 -0.09672800844712813 0.01540826764968074 -0.1026447723083337 -0.09238404947774641 -0.1537988040639359 -0.05542924597331667 -0.1359689022064544 -0.04028192157501202 -0.05354190175940724





