# Created by Octave 3.8.1, Fri Nov 07 16:26:56 2014 CET <damien@ubuntu>
# name: code
# type: cell
# rows: 1
# columns: 4
# name: <cell-element>
# type: matrix
# rows: 20
# columns: 16
 -28.6762925371022 -7.422815388453806 -21.63951609997923 -2.85154708437701 -25.26987045053088 -14.92689669499952 -16.97871335028357 3.228954821670741 -25.86581203284772 -6.259285065300674 -18.37740973431041 -2.983818732140849 -20.45908669066862 -11.46934348751783 -16.69709774396625 -0.04677352181321961
 3.275820379489398 18.39994815150473 3.005437212851942 19.67608573497339 7.072702695034346 13.28258213133347 3.896657336888804 16.09846777790316 3.365780260057909 13.54984687044533 2.619340864453689 15.42663217259024 9.607396741058437 13.62257845116646 -2.173685434910344 14.01466899137161
 3.970553373076459 4.007028971442137 3.019317064305288 2.547209450618659 5.071965061916885 3.859521910721024 4.089468825637343 2.890695777465699 3.337753704471756 3.196863951059808 3.043170431688008 3.674394874769572 3.743867815471546 3.572099237465271 0.09584012574149968 3.668462905407152
 0.7361309965302966 -0.243491983309217 -0.4529235572740837 -1.382929322751849 1.318465152122551 0.2698605105273276 0.6621010073176923 0.105724748235732 0.1778614711260873 0.8241365075859285 -0.5043500767669633 0.2575445114433841 0.7550266973841497 0.855286816475887 6.436129933020257 0.6529066707870526
 0.8962871955122189 2.571694066500842 -0.171389765215285 1.301447147080834 1.32633563210923 1.282451228484704 1.168379192366019 0.3414027568541353 0.3448172153438174 1.327385426155343 0.3409218941460231 1.215737258422339 1.414673613778483 1.833241978251572 -1.442261383671684 0.7045220121370669
 0.4230153034606096 2.302377073186657 -0.1578206063899077 3.178851733211723 0.8768332925562907 1.65973869545366 0.629376974520049 -0.008226526496556225 0.01260395767921924 0.9882538400972599 -0.05130863464547866 1.847483116578323 1.173300551742042 1.849559226759155 0.5523296781652296 0.3190145536861275
 0.7378719218787921 -0.9581087709935326 0.2539870619849461 0.3035379962252102 0.6749329846136488 0.7336303193058492 1.382661775315267 -1.454328865546054 0.6658877686090865 -0.9657281004656563 1.003669537056997 0.1623578839172618 0.9433054614423357 0.1501175427608289 1.363236746854499 -1.292702161034386
 0.3736068217338629 -2.65555849366981 -0.1427623817720808 -2.886994853207579 -0.7157681419211116 -1.16188769031073 0.7275779003932896 -2.258262114983517 -0.00147177474557392 -2.445237494641937 0.4919240576776055 -1.981788246843654 -0.4662903137064323 -1.821063245229049 -0.968734679799562 -2.490091937484566
 0.4513515527391719 -0.8750893645468929 -0.04711399823921 -1.111101465122718 -0.5735343280163528 -0.07817359679210364 0.5154679966750595 -1.438212980274957 0.05532994534779208 -1.28688571821124 0.3404989202150623 -1.754895969009221 -0.18693938150549 -0.7806616161426955 -0.2804960853814631 -2.04133110087534
 0.2599938551229853 -0.4482680015426339 -0.08237541937182044 -0.7495864677069816 -0.4470510748754806 -0.2065985348731811 0.06426091866829267 -1.143315420653885 0.1687874991460994 -0.4427017826649831 -0.06691598820909998 -0.7859181834189056 -0.3047773474385359 -0.4141291167578616 0.4018785376563602 -1.220861739525845
 -0.02497190388785336 -0.2982002675097118 0.1636151457920227 -0.9390563763444771 -0.187181750123913 -0.5447974410390389 0.01384633856801692 -0.8058139143132164 0.2777969484931699 -0.2067870163515673 -0.2154222605824425 0.06688308467493474 -0.8230943965149493 -0.353642952512293 0.2421555573129189 -0.1989107361950857
 -0.09716216188236791 0.5587218197359904 0.1406981599452362 0.7797685993754029 0.1500510357046504 0.2446261149466105 -0.07020589768965246 0.664800429167379 0.1472796352127423 0.08115102422677652 -0.09499504432580018 0.7172716389726727 -0.08594229180420568 0.4570973792325475 0.1119108528616574 0.9873775710753204
 -0.1996888799122156 0.6508483128328587 0.1391072169585399 0.9681682153938098 0.2038195989703339 0.548658439286694 -0.1665318289110625 1.174163447426192 0.01434309286863137 0.3012954964901273 -0.005220432597999237 0.6165356652628702 0.3140596166339559 0.7859329915011984 -0.5480837511597939 1.257628254800825
 -0.1774597673730888 0.04480999937057541 -0.2978540853984346 0.1658938185104489 0.06440955066179621 -0.02525909783406161 -0.3402030987926711 0.325558050120807 -0.2154493505309149 0.2544870656491606 -0.1680657053819132 0.2041666320921875 -0.06635746562331792 0.3799376444474936 0.4480698176971932 0.3607149453652156
 -0.3133975699941402 -0.2584423789544231 -0.1291904528175311 -0.2222346937186868 -0.03685500116825659 -0.4289218535765048 -0.439866883337717 -0.5463730864047845 -0.3776285697168295 -0.01938572933059286 -0.2716999203948718 -0.1513619721141996 -0.02599187516932591 -0.1826658246238103 -0.2852870329893081 -0.5916112654460284
 -0.3482077340521938 -0.2269687036750617 -0.1165485916307925 -0.3011323793254777 -0.07823232902591719 -0.222273599313013 -0.4074409316706568 -0.7236828193020434 -0.3332779218585234 -0.2140631512960592 -0.1971549011340205 -0.3494471086586778 0.02116745986598282 -0.3266310405375553 -0.1963609474011278 -0.7372113993791924
 -0.2778468159120348 -0.1260144562581617 -0.1632232169814727 -0.07548712607090929 -0.2735682444581289 -0.06785270445959761 -0.3921749699665742 -0.1793137038304205 -0.1516452848367595 -0.1653606549404945 -0.04786225959709826 -0.2416126385431993 -0.2193543352994772 -0.2689604363605856 -0.6259346532282904 -0.2465287120660336
 -0.2051926272428501 -0.2295314642481424 -0.09964103538354681 -0.1562895051764881 -0.2866915416885885 -0.02013858125272402 -0.2399690605996393 0.09323895744795768 -0.165583112751165 -0.1082858488484073 -0.06134352002315733 -0.09841339255902007 -0.1508803606804565 -0.1960846836270258 0.06786293988381523 0.07645006339884457
 -0.09647861249417439 -0.02164837603927671 -0.07388645441565339 -0.2755967319099942 -0.1883188203909648 -0.0563103187314121 -0.06442948458445734 -0.01575669959515916 -0.09816924248069904 -0.01813331542990372 -0.08170516643940159 -0.02248056412121219 -0.1354097208265256 -0.2040295096583843 -0.1319035146492049 0.0007433661069948057
 -0.03325269275990063 0.3406528538601991 0.06561671536596403 0.1972174739624268 -0.1231346397630036 -0.08882214939955839 -0.07181011046593527 -0.02314904579119391 -0.01125246375291061 0.07960186862206418 -0.0395135625999764 0.1220816448648132 -0.08888280499006962 -0.1123049366899814 -0.01154155171985122 -0.04308600921372809



# name: <cell-element>
# type: matrix
# rows: 20
# columns: 16
 -26.2158145505287 -14.24290363871203 -21.87753408897261 -5.880891752052062 -23.52775064040085 -8.850167776678569 -18.75472471140014 0.2793612359720788 -23.67438389378028 -12.82172770873963 -16.98148124800114 -4.18872360315508 -19.79585783685499 -5.594464694868832 -16.70320793416581 -0.01396585938804071
 4.211209931120196 15.82710019148999 -0.3696089558128586 19.49953948548911 8.371622634036585 16.72057533666997 3.08426496667935 17.71992203091859 2.535959161813207 12.13384592378197 -0.9032342047054097 16.84853628378974 11.33062873076525 12.75954668548716 4.429418219350726 13.77672931863727
 4.790305208055845 5.417700190317404 1.027322173572896 3.193181424671362 4.646879525595184 4.124124870478794 3.201246156082965 2.569552766266896 3.247980269074767 2.709770345180885 1.296225880739777 3.513603852824879 4.787461329739164 3.312652309174041 4.314919893998739 4.160260497347182
 1.554857674817004 0.2383994515183583 6.222265930252759 -1.217051559971829 0.849328910957002 -0.1774329866213005 -0.1547242678191464 -0.5305056376871521 -0.4778496168182145 0.08816766423865031 7.63637449643494 -0.1122411577105746 0.183038281742545 0.5887989424189052 0.8409139256785562 1.128308954452576
 1.440856634013993 2.712950383944754 -2.76853572938925 2.126667257517839 1.954868200268935 2.238090454111282 0.4953490096413766 1.179925066510801 -0.1535955447966842 1.371380403258752 -3.534249730822296 1.229349230120959 1.748204717232908 1.496124606240828 1.075721538812321 0.6454002748583454
 1.125212004441194 2.080111193473591 -0.3853143925319411 2.736688920587438 1.617257047116168 3.079334946464002 0.3237364858670373 0.9128537674106845 -0.3848885228368319 1.900344138247026 0.4095961427081848 1.301175814113871 1.545493545781703 2.154320557577372 0.8353940239967599 -0.08997237315347585
 1.485450329558031 -0.3257253395159335 3.975320687453903 -0.4563984704471303 1.148486071600664 0.9939810084406121 1.047561749428148 -1.467445545054269 0.3687361078637246 0.4820366310383836 2.462606991449994 -0.7636252184104501 0.4623628490949145 0.8175000075628542 1.430137387279117 -1.535208511367046
 0.740361397692376 -2.081858062681585 -1.363389617380659 -2.72260829517809 0.1967881783330053 -1.686881553634463 0.5003289211787398 -2.358493607549348 -0.3270630980679742 -1.051508534695084 -0.5447205969170119 -2.40363584242405 -0.5427670032346947 -1.230191374669859 0.7992564162470576 -2.420363491833834
 0.3736591251771559 -1.092717108319387 -0.5402486533698553 -1.050998462832005 0.1931690884640408 -1.665420118295472 0.3263670090490562 -1.097013070339603 0.05561097463380136 -0.6575646052099154 0.6236180958597568 -1.704631775319284 -0.2926237592946028 -1.748052207093753 0.5474607830105866 -1.958375696657135
 0.1279942507790568 -0.4892569480124134 0.6660237512449935 -0.6904055190944006 0.07957627174316168 -0.8807476180777452 -0.1611044367014997 -1.174882700010718 -0.08385791905768339 -0.3776778094282598 -0.2583997331428264 -1.074486805385043 -0.2025604369264759 -1.096720630666534 0.04595622046737043 -1.094653448230286
 -0.06709648165674878 0.1164827164280558 -0.01305151002267955 -0.4683149037376528 -0.2269149385494032 -0.01668283523625912 -0.02983542350929333 -0.6326900044507324 -0.09639910920283305 0.02827356225679608 0.5689753960615345 -0.05945735268199549 -0.1193831326841846 -0.1993487847777402 0.01016280001503692 -0.01126923436336202
 -0.04335895980128726 0.6654638379257145 -0.2650591249876484 0.9364291262033287 -0.3368974015089112 0.3375403828999893 -0.07105415458448003 1.029124867111592 0.1484083746349837 0.2014692295317587 -0.1113688649910192 1.15093633451658 -0.1067051293993388 0.145062934929279 -0.1104175827336964 0.8989155528676536
 -0.1078403735098659 0.7051038188525488 -0.1769300836426586 0.673171335076962 -0.140824811853081 0.004708012999541588 -0.1028363248016389 0.9996270810404928 0.0721428627466348 0.3039505288071331 0.01163500320529189 0.9643215964445729 0.1365010980742095 0.1449003422533538 -0.1754613118423426 0.9720212328725931
 -0.537165663203392 0.2245555556022869 0.2605761346889475 -0.2191837415018662 -0.2011775602568991 0.07738931470520435 -0.1293590275020659 0.008830737721074644 -0.002406325653990764 0.1950580723443568 -0.4212068772650579 -0.01722558624226532 0.08840107162660385 0.1958095575652569 -0.2737838528299554 0.2492753698889658
 -0.5088769196275392 -0.194772397525096 -0.2371524324276731 -0.112499743771182 -0.3262865082063749 0.3955034855262109 -0.2484144577960866 -0.4155599330203314 -0.2181941953621885 -0.04343957843762731 -0.5904956444363831 -0.353401428601984 -0.2107553228260396 0.283430514489062 -0.4832948455191814 -0.3644675796525943
 -0.4842796368167024 -0.258358895922872 -0.232989528332549 -0.1656123835123011 -0.2738410203795951 0.1369356804807334 -0.2861237496633098 -0.4031776283453466 -0.2157383854495729 -0.2098340841589907 0.1007025952772745 -0.2783606739405634 -0.1799676333565528 0.07417464420930026 -0.4918120422296404 -0.4436699651013751
 -0.4706518230617124 -0.2976004074762069 -0.2548287696007478 -0.2014916669242705 -0.2875714670739974 -0.3242947910893239 -0.2053529744609862 -0.08213681736315424 -0.2105106382922286 -0.3908956985773536 -0.3595497648643272 -0.1447134809444149 -0.2219190324600251 -0.278343377069651 -0.4242016214942163 -0.1882543617068102
 -0.2344366790870363 -0.3755632645360024 -0.1443273614852366 -0.1606046199681014 -0.3475297067453886 -0.4065471145942717 -0.05907691532926523 -0.0002325042780748958 -0.06036606011454804 -0.227443477543833 -0.2173070717174272 -0.1322699150077115 -0.317793684075107 -0.3473989151231879 -0.2322429090783234 -0.07406404670760532
 -0.1741001453923441 -0.05648726343577215 -0.1145454630111136 -0.1017201736757471 -0.226404093842513 -0.02807932511016661 -0.1094915970045015 -0.1858463085319521 -0.01178684142000682 0.03490141859848606 -0.1568147907516451 -0.2272756451248408 -0.01634801806156355 -0.05177586084802154 -0.2378365596065113 -0.137068137773395
 0.01729025720682224 0.081608089698762 0.1213900053696938 0.4058161042486364 -0.1455065878540159 0.2504330217299767 -0.02647605665846224 0.0344516639731895 0.1087527664186405 -0.01361829196721127 0.1817837316327867 0.02046184972670771 -0.04295570566083429 0.1587664097762511 -0.07180703477797287 -0.1080596876273748



# name: <cell-element>
# type: matrix
# rows: 20
# columns: 16
 -31.50166172995433 -20.47175337256645 -26.71644149935729 -5.674222210201356 -29.55114813930251 -17.92816821794697 -22.54060127595797 -0.2506237996487284 -29.99075719118464 -15.56873584285861 -23.85809830391697 -9.052706548574857 -27.23139193294804 -13.65728224652368 -20.96141651756201 -2.046369083419494
 1.730303287484887 10.26868194245785 5.740393584921284 19.03356821626634 3.41554723633684 3.16125480446319 2.981936567033124 17.79601866052842 1.771318520341757 13.43973240039956 6.939836552955931 14.16160447051374 3.291213046943403 -0.4888071156007854 -2.519256825296516 13.71575000032142
 2.839353057617562 3.17607291801265 4.614871142823996 3.326004095036749 3.826004890525491 3.238756790092617 3.563774763206841 2.658428368871891 1.696180991674803 3.641808199373107 2.309005422389325 3.865754487055288 2.415634428429268 -2.567202695384895 -1.1541329548514 3.410838669807621
 -0.268611202826319 -1.085477188973874 0.6217720995393964 -1.361861029656168 0.4881007526693765 -0.2381883911253759 0.2553976378100192 -1.259402787610105 -1.458681263544279 -0.8691576250291301 -0.7175347423055358 1.125342192372483 -0.5108807073569889 6.316045277891424 7.617957372578434 0.2675766848389596
 0.2043431604333545 0.8762678124919706 0.7606982227707592 1.603336011354033 0.9423047688721717 0.3254049601989617 0.558078647055678 0.2494825401303465 -0.3462123441145002 1.164612653055894 1.829304765823397 2.023522784411016 0.7337043654255021 -2.021362440495509 -1.802135621186574 0.72997431103207
 0.02511741077672739 1.129987379882575 0.729496303612339 2.855395202452323 0.591488873286326 0.1915229682708736 -0.01090722050948173 0.9242534783788626 -0.3147142361709041 1.579462174774165 1.597533833809383 1.699075729665399 0.1294485740524511 -0.2847664639801063 -0.6679860275016387 1.057031044227271
 0.5732835566657034 0.3397527899340229 0.9446873160388625 0.3704258885530489 1.129533704242646 0.805902167572457 0.8197862265809365 -0.6278724822428827 0.3914125840686637 0.05954345384220734 1.225927931248676 -0.2237037049493891 0.6954846091360543 1.254562015914933 2.795561250321571 -0.3756765828664404
 0.2358833571859108 -0.8366118284079578 -0.1347338731502959 -2.301604445927869 0.709309680487009 0.3828232261820423 0.4212293863152167 -1.933172055602983 0.0003353542411655168 -1.306462513924497 0.4067476927513026 -1.84158028303478 0.4121762710317569 -0.3526424058411372 0.1669054164200676 -2.161519590583373
 0.2280746280967413 -0.7283691829068176 -0.0519079406661468 -1.484223663622206 0.4939803010242054 0.2855173792497728 0.2806977626703394 -1.515697063741822 -0.0024515411771814 -0.808830225886995 0.4112462434299065 -1.261341873355566 0.5470784964635977 -1.087492085136849 0.322675119364093 -2.225405820961623
 -0.0393014192813248 -1.067007227238937 -0.433801178921179 -0.7892811762346479 0.02297939474212295 -0.1263972116321347 -0.06467847755801964 -1.205749222514554 -0.3562163814972812 -0.7356959186551164 -0.5303531354640255 -0.5263208309520759 0.07359335603144015 -1.434959169834123 -0.6007121351654707 -1.080009024924383
 -0.06092033818753677 -0.5146277094114072 -0.3389757428610615 -0.2716015507085858 -0.1822751954864517 -0.0535983187505288 -0.01795449749929228 -0.5457160958701847 -0.3580778023566018 -0.1053797421327569 -0.7567914374578885 -0.01645992992456655 -0.3598009195551714 -0.01111814031164852 0.0389575959624288 0.3348794765360682
 0.007520637787612332 0.3464986970665727 0.1012622725235117 0.7086993576139455 -0.1528518595066104 -0.08042626273142921 -0.02998772285735232 0.8730955218831461 0.02623193159143052 0.4194549804942604 -0.04660450369356187 0.3474837296824728 -0.09502353292877007 0.04743803416027344 0.06110702991704521 1.059330441778336
 0.01747892955069476 0.7062375540535283 0.1707421861083322 0.5332918098686361 -0.09527608569129115 -0.06071687012693396 -0.1566461332130383 1.0661525032177 -0.002069720686351583 0.5847096167217888 0.1233992877300958 0.6819859322970718 -0.1307671592576783 0.190245474338778 -0.297146992546296 0.8083845787580244
 -0.1599258993130097 0.3293060387849928 0.06207745504402456 -0.03863494028049141 -0.2916083273815636 -0.09496771547924138 -0.3533046119649254 0.07111193967015225 -0.1159851124639072 0.3418501246386045 -0.08135948127827455 0.4414181569428262 -0.1324096626306819 -0.1077438028300171 -0.05055269806075456 0.09278825789913127
 -0.3240133254959922 -0.08093828536065029 -0.2798600727842267 0.02026564158732696 -0.4176578129699378 -0.2395634747574037 -0.07695452891317327 -0.3753738601711382 -0.1207590732529165 -0.03535722910103045 -0.2507568138644239 -0.09158988162395236 -0.1229668922161764 -0.04070655549556539 -0.3652640821091955 -0.2572620239800346
 -0.1347359934806887 -0.1413397006997621 -0.3046147578227688 -0.0692249111372954 -0.289060715556947 -0.2373934684545801 -0.3559883351916689 -0.1897633558549613 -0.1494528341453143 -0.1852135161364847 -0.2879271516895322 -0.3472110198369432 -0.3034753735130987 -0.1384507501769664 -0.3336826954772791 -0.3126093355275423
 -0.06554354819403929 -0.2841306587885044 -0.2698086986908715 -0.2392107892522909 -0.2137319394420369 -0.2228650348489492 -0.2288783805688819 -0.08752528817545456 -0.1348383249594524 -0.3476269599158781 -0.2157899099259003 -0.3456671954504918 -0.1983296839422898 -0.6050767567248855 -0.4007564609628484 -0.3166500486058088
 -0.05661347729210994 -0.1721798617099716 -0.1967270793049513 -0.2790786372553747 -0.16781356817952 -0.1979679978583612 0.0185366001542971 -0.2987850242958148 0.01216546052734579 -0.08450419067249447 -0.1814442183726964 -0.1091818746162333 -0.03333452462811334 -0.5206348441278361 0.06322446915867989 -0.247287093043343
 -0.01948208933346115 -0.1085342581810735 -0.1038131185745766 -0.01159546220270805 -0.056567286838062 -0.01981909925994264 -0.08224710898287829 -0.1416712555002122 0.07462535743345086 -0.2044986265526244 -0.1978220234610317 -0.01340990522118252 -0.1217072101470622 -0.103304421042884 0.03383744894161946 0.02460109613341023
 0.02461521833534384 -0.01857650097027133 -0.008663985805982276 0.2602977709389792 -0.02911535296500753 -0.04931111410281722 0.0111224103437994 0.2211522096190826 -0.01064344269087476 0.07474368984042778 0.03943095068559488 -0.04604682912730472 0.001340474726950775 -0.09785512414158497 -0.05622484079848197 0.1928941244423878



# name: <cell-element>
# type: matrix
# rows: 20
# columns: 16
 -59.98378778105547 -19.95829191998821 -21.52677890312684 -5.157032684568076 -26.88344998586258 -10.79268628930752 -17.40807126681604 -3.356701406387719 -28.85658948349895 -15.76411745330942 -17.6514260189959 -1.758316364849823 -23.45268079752935 -6.606872398567642 -12.6295932511302 0.2432528184750552
 -1.831183087282387 11.03426807340312 2.62390141511003 19.56887035948979 6.01537044471504 16.8426335756243 -2.535641605292411 16.61036019640142 2.762857819244173 12.26246595066793 3.287671324393907 17.89143715711383 6.317371029485087 13.71566551037759 -4.311722081359175 14.6494154158416
 1.239998502346164 4.608958396692218 2.401452930837368 1.91848835994466 4.207946053215212 3.757708723962242 -1.116190993656594 3.250664887969568 2.965481528100384 3.174028386920595 3.407066468509428 1.712345367664728 4.108786631994477 2.809200964629618 -2.662007915897592 2.658490143939907
 -1.492406759107784 -0.296036985782047 -0.862320559379352 -2.020672437197655 0.01441279511886812 -1.134522334997183 6.506491312805728 -1.142550206492329 -0.327705050344462 -1.578728549057502 -0.1212302961279305 -1.780437669241061 -0.1323642189380517 -0.1860016917022803 4.039687860985656 -0.7746561396430788
 1.3483898315503 1.812699492180438 -0.06792446926163814 2.770885862579854 1.151034673093456 2.379879142186563 -2.856867841947132 -0.4479572766354936 0.2592623449898712 1.218340472452548 0.5344745733203302 1.645673479105248 0.6570930603563645 1.294122165318484 -3.521804112546464 0.254493842855033
 1.080844316949992 1.70757650420227 -0.1746608245732628 3.521540232067811 1.267474276720701 2.979474235205879 -0.4337854524060839 0.4722930522952968 0.286447676709415 1.576918028032402 0.272959722460955 2.391029537271627 0.9605786272867277 2.117835026055392 -0.9390512048072356 0.7494017294145192
 1.498500672433128 0.5970046775235535 0.2962079668234664 -0.1677670399716134 1.164448742815323 0.1613352098406336 2.362426505075577 -0.8162534510678946 0.7740277324820171 0.2161731729069151 0.6923736575911154 -0.5023173470872206 1.160771005932072 0.3820980239071334 0.901773742303396 -0.814529165606391
 0.463775346836137 -0.6882467514808309 0.1238382127732151 -3.045153970528066 0.2260593500182862 -2.049865107765853 0.2751861592144164 -2.462613846265657 0.1527380627382337 -0.8227925859203756 0.2819111660567625 -2.313651811962697 0.3820106039004911 -1.930210439028235 -0.7163594289380202 -2.381333324556515
 0.4060524063856576 -0.5166453150543096 0.04814823301689068 -1.09112323054186 0.07787574569606195 -1.131942018841834 1.252268538182675 -2.202652157284881 0.005536534327321459 -0.1851521685299437 0.30863154850572 -1.072561359810746 0.06097821813794956 -1.990106504972877 -0.3936890289933214 -2.229513459090538
 -0.5451451154528679 -0.345129425337996 -0.272497317240122 -0.5350713807523521 -0.1663781441044462 -0.7977730614647608 -0.3506694156522046 -1.543426360002397 -0.1612470500131233 -0.06984924775794951 -0.08549454239369358 -0.9136665935975633 0.005650788061017318 -1.072653425276012 -0.1065091556006303 -1.396437834012213
 -1.25071671099989 -0.2165240306784291 -0.1984429374628319 -0.8711610907193004 -0.1376747008784993 -0.3992437313160182 -0.02526202607152637 -0.3124438297694178 -0.1037249833972013 -0.4188747032058611 -0.06241810119977212 -0.8898660608429086 -0.1066274304343145 0.0495866229449692 0.1968723902415255 -0.134550211407418
 -0.7437734201473064 -0.02777373582151095 0.06310315000517379 0.5762074635250025 -0.1556633762488692 0.5242633071087993 0.1410486041749096 1.32487853466772 0.04205459135904663 -0.03584005253261312 0.05610450583826506 0.6307633717260699 -0.1549157056851828 0.797659540428178 0.4023149538504537 1.235009482384133
 -0.1064124225275587 0.1933488371239317 0.1571756118920427 1.19513005199959 -0.08590137285373424 0.8538873560226317 -0.243324755173568 1.34106096177604 -0.01070830239111104 0.3260828445283547 -0.07481403341502516 1.191675287289918 -0.1916752892821295 0.7943818786008625 0.645483173473599 1.402443942459857
 -0.1553025021822884 0.09697480552539864 -0.1735008760499351 -0.02880118524548724 -0.08679922271364619 0.1919117458932739 0.24390061767445 -0.1113863058657338 0.004133908331832055 0.1249399835824166 -0.1341060242044184 0.2157876889266624 -0.07716808583425884 0.2109712488617604 0.2738368441825593 0.1437303185680327
 0.7307445502615993 -0.1651976701799419 -0.2611528889605427 -0.3150180649826165 -0.2419357344260043 -0.145887193544267 -0.4866533418920522 -1.115015336640783 -0.245206927359189 0.04039564853059102 -0.2022008017455398 -0.625178033420593 -0.1765353049277686 -0.2441102448782167 -0.7926517631272616 -0.8965254602038816
 -0.2958457789461519 -0.3246246799950831 -0.2028332583916867 -0.04288956517723557 -0.37180614356665 -0.09406110214422941 -0.7710226980781677 -0.7462990070023664 -0.3535964312975162 -0.1044008961522285 -0.2650262726997707 -0.2694446881326945 -0.351594865427364 -0.3230473333393472 -0.327214437633737 -0.738728289207497
 -0.2173114353348479 -0.2788644544361094 -0.08798952576184925 -0.06223731049976096 -0.3163455943923797 -0.2807949342424445 -0.3987594260225986 -0.02335365686113624 -0.1488799050051843 -0.3012808486444166 -0.2167154394177751 0.01842657921547024 -0.3225563721659566 -0.2723094713120056 -0.1637148944635129 -0.07918341523286956
 0.3828027089502128 -0.1381923364210023 0.00170483304551618 -0.3800502447271485 -0.2008225919013467 -0.3598601843468195 0.05750386197190498 0.2001847812635649 -0.04689201997518858 -0.2158183432140789 -0.06895933823746474 -0.1717510826907188 -0.2367414782886759 -0.1727155904985502 0.3812094627648779 0.1927537499956659
 -0.06481848445895942 -0.05988279243518232 0.04526951068332631 -0.1309972711108591 -0.05964092143151163 -0.06613755400402554 -0.1661359733519162 0.1658294545608605 0.008297762519475648 -0.1746985863030999 -0.05578476259194073 0.006934039865354273 0.01063997873294703 -0.007399363959769039 -0.07045645242394644 0.1581061724947632
 -0.1031782980830631 0.05902229779431687 -0.02454384134181246 0.3753119799991245 -0.0005548976374289816 0.08854683512848706 -0.283352067537183 0.1685205171393746 -0.01842763282000737 -0.05020727551249619 -0.062458712934639 0.2110833420327165 0.1450258628879751 0.08349449518179886 0.10843044679202 0.09264983878424034





