# Created by Octave 3.8.1, Fri Nov 07 16:47:45 2014 CET <damien@ubuntu>
# name: code
# type: cell
# rows: 1
# columns: 4
# name: <cell-element>
# type: matrix
# rows: 20
# columns: 16
 -30.22666637136262 -16.56940534885568 -24.15895178101253 -5.586572389028941 -28.39859854345011 -10.29196791901598 -18.55711701252035 -10.65607808917278 -27.86377543889522 -13.48210019336546 -22.73593618322011 2.380904880167114 -26.07863278934145 -6.34221437431249 -13.93098557147141 -8.702038411488099
 5.549189102887182 15.05319561941634 11.24133045587368 16.94886368909719 7.85856929179007 15.99593504073063 7.577889907818155 6.972151662105808 6.203967767427577 13.44486218472635 10.16956995689331 14.0399973718006 8.512283757744035 12.9356514113936 7.775357957231003 4.891975647244981
 -4.185911546526066 -0.9950258379011512 0.8580756314985534 -2.687800944655983 -2.67311100779302 -1.466983272772418 -4.075248845393905 -2.702583532377592 -3.834464196879103 1.249887947486355 -1.992061276868141 -5.966820600751929 -2.130501309029753 0.2401898113951722 -3.566014530911787 -1.893659177866069
 4.891132137202674 2.811016532431706 7.617918494022514 3.116712676968896 6.01013109333053 1.951358725503392 7.791786069134086 9.318966848145458 4.947000851187975 5.70058232858899 7.182064318692484 4.642356885189268 5.978902127555393 1.676252407031933 8.409993593459859 8.257292672082576
 -4.862697403849058 -2.486675745009411 -1.939976721108566 -1.571820048232762 -3.883332733352743 -1.850546061454073 -5.330957690730878 -5.972110135732711 -5.352196012508789 -0.1764405649620864 -3.805558454839067 -3.916529927491707 -4.66500235819862 -0.6060324962090204 -4.000060767599081 -5.460861291336899
 2.086732263948006 2.971655629414572 2.622042048903257 1.903395134401158 2.575119382145818 1.683747772098959 2.07442636311881 3.461482757686558 2.647636385221394 2.583475737922502 1.917890227471451 3.134180550985152 2.357014594992142 1.272506743087021 2.911349801269297 2.866707171246133
 -2.218120612759601 -0.8498334588741709 -1.356894572303315 -2.425562905412026 -1.408890753823536 -0.807613157928344 -1.537700095579093 -1.534298854432445 -1.793283440866507 -1.564997722650542 -1.651927309431401 -2.283960776447711 -1.754596342454513 -1.126059025246709 -2.559831482340984 -0.75468337758494
 -0.7141500596611606 -1.177533821828023 -1.009071046687458 -2.170618346161511 -0.2263403525962598 -1.46298050686443 -0.195641757916898 -0.4176833616753327 -0.2426562146202962 -2.165085013760329 -0.723872099147331 -2.263786223667002 -0.3979149026720392 -1.686279505743622 -1.010035528484869 -0.8609904491565499
 0.4923439984669611 0.3096051255604738 0.02143905478244417 1.3499724790351 0.5495301734849841 0.5178571675302717 0.07205326869101995 0.0493203715836527 0.5903485825027859 0.4837267064017335 0.2158982132994201 2.117067694039378 0.115404919824722 0.9172639303207548 0.6479973250717002 0.05251279662101339
 -1.33878334331627 -1.690995861249277 -2.027336228773455 -1.707200006065065 -1.328223542764934 -1.432576694004201 -1.977370400960566 -1.197127244483665 -1.06811494360817 -1.819443591992544 -1.522419609864109 -1.727908888065322 -1.11434123011815 -0.8942594085050107 -1.496520097507891 -1.327410343397976
 0.4198138545033628 0.4941810123498237 -0.03470561216384886 0.3327622560972739 0.3184626562320502 0.07603452545358358 0.8170752128205762 0.4418965107933212 0.5807457172103028 -0.07532395605361625 0.7510493392468808 0.2889507538542822 0.6737936787956522 0.08839556508944342 0.7806207237113592 0.5315793367611107
 -0.7997931928501975 0.3357460464279608 -0.8076064779741454 0.5607841008547676 -0.8906902986129853 0.3498772743417543 -0.6142520083360068 -0.8839378025853528 -0.7970243910713156 0.06421691451928199 -0.4763074555914549 0.1830795201280929 -0.5901573343588002 0.8493960417357834 -0.5234616621676766 -1.025691296616404
 0.2739718195044189 0.75328311821198 0.2577534447858741 0.5787288412319866 0.3008356073981922 0.378467574415237 0.6772899479630053 1.107998035755456 0.1860414789784807 0.2162076897426672 0.692054336633402 0.103824042899551 0.4364759475712433 0.2873749686158859 0.7611316005812895 1.066196832659506
 -0.1393292120891118 0.1190150695756213 0.2712330635182147 0.05762843504750462 0.05429591428921426 0.1349978547622524 -0.17498239715005 -0.2463551911891001 -0.29086011379307 0.2023162940908512 0.2170616746187424 -0.3571974228851882 -0.07175210593204905 0.1772224455569718 -0.2492011808715999 -0.1373019286116147
 -0.1400278656283268 -0.2791733477325283 0.138190540745473 -0.1609074266533062 -0.05893547698859018 -0.0689640280424741 -0.1345199533657629 0.04712071310138708 0.04168510807054668 -0.1633530525237305 -0.1243412699039516 -0.2259459113579791 -0.03139230923348855 -0.0932696965841654 0.05053573350085829 -0.2214480130880004
 0.06349133032921619 -0.007534062502331974 0.3578428936326089 0.1252473966741696 0.08129839977436533 -0.09560354113686671 -0.2329595608168315 -0.3363849938533944 0.1596296610819876 0.08954509389932978 0.1294858856245453 0.1547505207835705 -0.04588949740357469 -0.02961245081909583 0.01717726605681121 0.1068421693129013
 -0.1672795068256868 -0.4297091106533739 -0.1489099588970554 -1.008706114405138 -0.07762088213133686 -0.7361370576724028 -0.2366602428564563 -0.05232257667222654 0.09567618380983504 -0.106873288606083 -0.2301174667346022 -0.2100020119716063 0.1114018347336112 -0.4053935295847773 -0.1298429409134974 -0.1838469058864378
 -0.02291175023510035 0.07543984694248654 -0.1764743372714354 0.2079392113882032 -0.00981628855954852 0.09886107114070544 -0.0152480372206338 0.02573289125105283 -0.2023330198734146 0.07909243365468374 -0.1222720757754867 0.1585586738605296 -0.1809555058328436 -0.03847617378328847 0.02166281542621861 0.173583969522385
 -0.1375352382027862 0.1743198407652877 -0.3205807548746201 0.4486670860364493 -0.1982793226745883 0.345815598214437 -0.2696493745557282 -0.05909681264060104 -0.2226332522766338 -0.2636094551181035 -0.1991327550716582 -0.02630040733210724 -0.132560588429077 0.2494318757958756 -0.3816462649496383 -0.2979827900935045
 -0.05668565984819841 0.3117343083455129 -0.002147877919087152 0.09580734935354972 0.01328884396333598 0.1217453597560507 0.40923512184231 0.5401283687766991 -0.09665256353429827 0.04184350312425836 0.3676227425469131 0.05576774658792231 0.1200782424893341 -0.07422466806994435 0.4764221352395852 0.3256913992146991



# name: <cell-element>
# type: matrix
# rows: 20
# columns: 16
 -30.87487544907972 -22.36535763293613 -29.1890286017938 -15.44689576562791 -28.94101817381661 -14.7297001743574 -25.66170353647625 -8.555475953345573 -30.01539049146045 -18.91638512237102 -27.3523419150283 -13.27559788928991 -27.47115925321956 -11.3493519041269 -22.02158085234021 3.530571889916583
 5.487453599621281 10.96544749840347 7.616249023560151 5.160903372397827 5.957125834510862 15.53461598755081 7.90622454685229 15.89475595866275 5.884070636260122 13.28409675879507 7.367024551721699 4.146815260029745 5.285037316288902 12.94125189234967 6.50624304563814 10.42477289476588
 -4.37428322441695 2.799253327024266 -2.427839973633616 -5.634636159149155 -3.908305227124704 -2.169036461897374 -3.176925999690261 -2.903105272695612 -3.457948607672316 -0.1055451316286071 -2.55724157039063 -3.671127242117577 -3.049304888382244 0.05060849779909229 -4.046901229683445 -4.733026231089662
 4.535608749616328 6.942196176852309 5.956684305815494 9.85424869850524 5.103972690396264 4.256373168258793 6.405605412284191 3.069679276758978 5.721845365086464 3.923242436158165 6.579233496667138 8.585189763420328 6.608578635857858 3.103899430224315 7.646154242092255 4.84342434987932
 -5.122174655076292 -1.269467629864919 -3.936959021227828 -5.851810291575278 -5.642187291050496 -2.737976485893301 -4.501336336868952 -1.557909798317985 -4.187009491962939 -2.413441246655723 -4.24758732774661 -4.65728829356632 -5.432851005704967 -0.1450528509658291 -4.630658694758052 -4.372496092156354
 1.676727283645012 2.490847881553804 2.476735961469671 2.129238386914902 1.869508187995988 1.953566868075877 1.464406298293391 1.576311063098571 2.782199536389804 2.298715289775193 3.116348986285027 1.816286751096734 2.800573599148942 0.9437759056914865 1.486031114785038 2.384819424268843
 -2.168276002331713 -0.8034315375064259 -1.633842707544354 -2.648482578774696 -2.235244664620835 -2.208327323766532 -2.030423319081724 -2.352280228551556 -1.520491288059806 -1.268229924999825 -1.601141652940278 -2.233339676521671 -2.10826882515245 -1.841373297733913 -1.623175339074366 -2.220711151733477
 -0.6786111639874807 -1.022594948931642 -0.4511479162580817 0.1121807071232571 -0.6049293583556756 -1.696424894599741 -0.79533515103661 -1.946283521270494 -0.1789488641232636 -2.011273705443268 -0.3127257160637926 -1.196719074719256 -0.7123572443507222 -1.943563979293856 -0.09139374927021458 -0.9210322642908823
 0.6176224892193294 0.3713696239054602 0.5456595220495057 -0.003930360162534277 0.5008724068712765 0.3267826923543384 -0.2851115544074915 0.6366928651590106 0.7173503515723534 -0.3390508927093402 0.3990929330447797 0.02056411715385011 0.7441154979439507 0.461218573957176 0.1897644528136823 0.9705371686423634
 -1.454728415198032 -1.783014661226325 -1.340020805483238 -1.999108359881314 -1.22652551949474 -1.312031647014334 -1.575772970366834 -1.328320211817518 -1.136409328041787 -1.572222581903949 -1.380227477130221 -1.867689395274283 -1.18733274691069 -1.039952820512755 -1.846305948040909 -0.3743641793276985
 0.1334637168654556 0.003643238246067389 0.2899007282200275 0.9389399976986369 0.3947799521655144 0.5484832896535089 0.7964037022342182 0.5405973739732557 0.4674233909213122 0.5544348143358468 0.2579433828725624 1.077043234061676 0.6122027985268516 0.5297644284645981 0.811641739407736 -0.3212277821498379
 -0.8597914088826608 -0.8322015657534081 -0.8946066342328043 -0.7171006875494602 -0.8257054274293831 -0.285678574550278 -0.7565671124694915 0.3391947393569508 -0.7405302314788097 -0.3164547897983286 -0.9012857166339545 -0.6694420220819524 -0.6938261616370205 0.5408704028571938 -0.6559001454256919 -0.4293526658189435
 0.05245687319294504 -0.1319603692689681 0.1868872400955585 1.036114983327127 0.2222078298818553 0.4857141802232596 0.3620130969734637 0.7066325121558841 0.2606131022946331 0.2727262665442353 0.1928768267070024 0.7757055776106148 0.2454312640052512 0.1413334963284584 0.356784407130087 0.07438174813945678
 -0.1499897231297355 0.1156923913999045 -0.06873230720698151 -0.3411508422474964 -0.1576438297894417 0.06150944982055734 0.1633362274230208 -0.04163707599480886 -0.1343459868957484 0.1806193640231255 -0.1297892188714342 -0.07502488815015908 -0.003284811565207821 0.3597756610151269 0.253466160073369 -0.6447015533278513
 0.03092444977578473 0.1122882994560468 0.02899701617023294 0.1506482087335627 0.03373449145150693 -0.07177799237627189 -0.0180038562824454 -0.003858377134252746 0.04169495243431334 -0.2582514816242013 0.2140515191652547 -0.0862240348350837 0.03586667469871403 0.01158088047218735 -0.02795093538763006 0.2729136998017142
 0.06439658845764573 0.4736325962973797 0.2052146237941506 -0.08940525139568445 -0.003464298417664363 -0.1018700383315365 -0.1368741834980512 -0.01555053334374925 0.08577435275933579 -0.1322756317117708 0.1058619448299867 0.06108010427495845 0.009243257978480706 -0.1293621748918534 -0.1268821572514377 0.03876081566678272
 -0.1581454580771655 -0.01959725455151883 -0.07965776528667737 -0.2923856213576175 -0.008844882527679201 -0.5187134939503031 -0.1986854519890404 -1.00126464056129 -0.05478701861366397 -0.484375692307825 0.04678864914721702 -0.4852263793576396 0.03016246432853505 -0.5268123414432877 -0.1097740744719469 -0.007372978583667811
 -0.1591797095316249 0.1763708901801329 -0.07305422762588819 0.004681276150756029 -0.1798993433419634 0.1671075435043958 -0.09074668269114346 0.3620647791473834 -0.1212549872640202 0.01119839671928695 -0.2450139996563691 0.1814474984119012 -0.1975582669979205 0.0725674907974289 0.2076667565070872 0.0295882175309716
 -0.3182824332766945 -0.3153921550435013 -0.2944835644425166 -0.4645022273940834 -0.250011722992732 0.0310715931646932 -0.2630349271133584 0.2569461458536474 -0.238691572564779 -0.00599257946538127 -0.2038079594367129 -0.427458885167543 -0.1852264482192878 0.2225087442909559 -0.2469833668147515 -0.07054427921613865
 0.006339503863704187 0.03725557395593425 0.03084185183241109 0.5615747825646391 -0.09182112602651359 0.3283041107094142 0.2258917355679798 0.1890506149761768 -0.006115533509877765 0.3388020596323742 -0.07371540132458361 0.5828986595109542 -0.0789667815868543 0.06488398472260772 0.1313104930745782 0.1684273406101286



# name: <cell-element>
# type: matrix
# rows: 20
# columns: 16
 -30.65148771221238 -19.51490398383259 -27.05836861892608 -6.741146039502671 -29.31260207959087 -14.25846576815124 -22.25961109590686 10.6550527248667 -28.88397772145414 -14.74935288019135 -24.30153870850935 -7.47564580161894 -27.42796746353564 -10.92576422286176 -18.38790702428027 4.983782274170366
 5.183037724650091 13.44917259996424 8.247342275976337 16.90907921152296 6.707309298134744 3.961690610258362 7.963039012027432 11.15148697913789 5.030157990437886 13.1737805764285 9.071419488159114 13.60803259032393 6.413123352669834 3.60551583375713 5.845823231539003 8.642139009897491
 -4.844898161475345 -2.301043608620462 -2.719732696938111 -4.1027228403198 -3.280205706412767 -6.389753143050243 -5.925466183640069 -8.180778906300382 -4.845856706810212 -1.137187185522867 -2.702857135242715 -1.289090047136373 -4.023923069525656 -3.11584245811306 -6.458665778738614 -3.911339277416236
 4.652752347592645 2.846176352971095 6.261120148889868 3.041779053801954 5.918006305082381 8.68500840588985 6.583005890860592 8.436425298656802 4.961074819944119 3.711173322086577 6.310623194757996 0.6292427328815955 5.599232132638758 9.282260610723085 7.728780985034209 4.728761141530084
 -4.504086641606588 -3.85063910666091 -3.930621006358562 -3.988759982549634 -3.891110179538998 -6.208189724664852 -4.417592206330291 -8.139718746682666 -5.230006526142785 -3.03556402104177 -3.541846076581054 -2.24033312970981 -4.518495492961716 -6.541719358256977 -4.380360161206453 -4.913931840392422
 2.434386080771567 2.414849125550355 2.913826216160387 2.596297106551034 2.673271468722938 0.9534900771930608 1.295615949688878 4.928142685860083 2.181184329299952 2.718796360744014 1.662584886827541 1.432978844605101 2.553748470975375 2.147720831374103 1.411660411911643 1.935790893705601
 -1.205658589412441 -1.678737275774647 -1.413459012137826 -2.008362449288943 -1.439871939692295 -2.10431211832442 -1.660151159400517 -3.56017624138841 -2.048045683751079 -1.228074009664508 -1.144437513305686 -0.8793752174723818 -1.563729138645702 -1.547664080469616 -3.434347645175275 -1.496184077101147
 -0.005705872299484179 -1.613667063014254 -0.1836993686142935 -2.482528999802421 -0.1581996466577672 0.8006306415069483 0.01834829547462571 -0.1057280670071939 -0.4039648596422705 -1.750385853440757 -0.8143798331923752 -2.242143527017856 -0.1472713397404506 -0.1479997187562145 -0.6692412614190143 -0.8603892469454312
 0.4651531416099535 -0.07344469187208408 0.09747321174214722 -0.07699191355955695 0.2931896941129784 -0.8315445061576421 -0.3695620229904412 0.1092921403308833 -0.1564304985410139 0.2486819830394 -0.2553740536338168 0.1164241759208557 0.06635280027851422 -1.158497697302547 -0.1754163054143669 1.52609398454791
 -1.169191797253495 -1.175850662972957 -1.460122227504945 -1.21777871789182 -1.410569162351681 -1.925500991314154 -1.618409245645087 0.3126950454837792 -1.595374327404798 -1.188297891667752 -1.167640899194909 -0.4597657396867971 -1.3148256942516 -1.299234575849823 -1.378144834897526 -0.1604067613028137
 0.4740346140923792 0.7141627452489548 0.4435523821971302 0.843436491250079 0.3351760329604435 1.721071770300202 0.7918726269493449 -0.1862278335349771 0.3426947517730111 0.5062704953281297 0.8724250468302923 0.5574064878311351 0.6729444180819679 1.896260283240371 1.131133264017429 -0.2154300272852567
 -0.8188720029376597 -0.1877182789956174 -1.181437689982048 -0.04814041659025188 -0.9087316571744888 -0.6838063126620609 -0.4704045399545537 -0.9526275272861999 -0.9926395191886815 -0.3762631709530331 -0.8143615863853746 0.3704150569254885 -0.9033712462609303 -1.082653764099476 -1.120718526484497 -0.9044401401624501
 0.144662631664836 0.9017487776976961 0.1024820398285919 1.485881561448824 0.1598951697244877 1.075374949802817 0.5554287645798827 0.02214475679166763 0.09828524247817484 0.7618366903016075 0.1490217026728687 0.9967582641752769 0.1818038941139927 0.91297572348297 0.3098149318914562 0.09030604876498688
 -0.0259937485544003 -0.02972792323750217 0.007957215848857765 -0.5294750476108298 -0.05483943707109855 -0.2363623500964256 -0.1912261040202455 -1.612692886841429 -0.2632821339572494 -0.1323259123870092 0.0002808277687725034 -0.07025197489850503 -0.2869158859568731 -0.4240496614188011 -0.4275194910021172 -0.6333568056958644
 0.1289098783402864 -0.4311980489541427 -0.03742475532246743 -0.6297835714118381 0.02526085715374813 -0.1138621675749754 -0.05561601732214518 0.4544441861285502 -0.03314265333502288 -0.2701985156423629 -0.02995520251247907 -0.5416077028982759 -0.04962397676860209 -0.1922051908655023 -0.1070914389220765 0.2493652555631029
 0.07473563690078505 -0.1551213321960442 0.1037602350400346 0.4424924705874035 0.1035333981191778 -0.1918733332515315 -0.01617194349112697 -0.04100680986399219 -0.05333404319767605 0.1301373168363963 0.2109970886051767 0.2868266780473047 0.1494007050937174 -0.08568638827963919 -0.2583998167147637 0.2080739780363581
 -0.1395979498452079 -0.6138598201171451 0.0400417537987858 -1.109711667791625 -0.05803985573825563 -0.1554154012734829 -0.07457084882800087 0.6944360736050137 -0.1059654760846575 -0.7838247203420269 -0.1288085524991852 -0.7667616784785435 0.01385982055288642 -0.6031107762709375 -0.34204599603165 -0.1165394761533606
 -0.1449011278594385 0.1565849777078769 -0.05171963844126394 0.3718300813044324 -0.07313432749360352 0.1591615817550872 -0.1651003507104297 -0.1988176719254482 -0.2626204484497415 0.2385563815754013 -0.1199897152088358 0.2022126329077824 -0.1569351056632585 0.2271560618482134 0.09190689032745918 -0.08064207779697469
 -0.2386710374174408 0.3358596647445851 -0.2093264014035008 0.5247562234495429 -0.1785258389235937 -0.04578988311720422 -0.08672901559065321 -0.1623429197118464 -0.2154933108552213 0.2338644611341414 -0.1620444619993283 0.6129341679911698 -0.2310245577087961 0.1999169715335229 -0.06783674939680193 0.01749624622299945
 -0.1040767839185326 0.3373759557057523 0.01597953591474562 0.1074618067151656 -0.01624671641886248 0.2638360746313559 0.2289903385654022 0.1066013817998407 -0.1030456581997537 0.09526527442540432 0.1056873269462434 0.006543252325092388 -0.03816072530435918 0.197359068828401 0.08724877112813367 0.08809544809877187



# name: <cell-element>
# type: matrix
# rows: 20
# columns: 16
 -30.65676355187613 -20.29094492748223 -27.83609193987682 -16.99655821213634 -29.10265223044916 -13.82153399303841 -24.09297590218044 -9.091902047378404 -28.5539810051863 -17.71391930400182 -24.50729747970667 -13.34387538645694 -27.70221611360721 -12.12186472685902 -21.52491713761345 -3.569032165890671
 5.367764843902358 8.98822731844129 8.295161347109273 15.57890165496616 7.140535069948921 6.378739275475789 9.502945189699005 15.57240273232821 5.751404837996726 5.991193663422224 8.106125173737047 13.69672312526218 6.018075657602301 2.183752316872101 9.783613454840655 13.36905845509401
 -4.298641764728992 -4.352686760129108 -2.775875623451893 -2.5507006632031 -3.011599896883797 -3.772568575712623 0.9319874224962212 -2.736242253826781 -4.825703710357589 -4.889263820965331 -3.277713828787171 -1.187759650251212 -3.13548305674662 -4.141651640847463 2.558645244446494 -1.922098528156398
 5.101199832473752 7.624214534199438 5.77850751222747 3.811130621073471 6.180297063252929 8.972712769510578 8.445722703699142 3.073355758601762 4.96365820301119 7.46533963959595 5.93817288451366 1.833604013682704 6.310955426203985 7.955618217138697 7.587287218893432 2.124359930348093
 -4.765523080544047 -4.791447473960117 -4.341258519811469 -3.042017224987298 -3.776314868575716 -6.595471229615016 -2.88661755885282 -1.439824267032595 -5.103772135505951 -5.26351054901403 -4.804607586082373 -2.392832567318056 -4.733712775599504 -4.805259223882627 -1.835611056732771 -1.886902465118321
 2.095265617275686 2.325709154844528 2.185096472102772 2.526962517443037 2.641195526524931 2.375153556952442 3.068894835920255 2.901091364428139 2.287231219354004 1.341922926082185 1.473683188656103 1.370272491261738 3.15793536256617 2.385688071213387 2.462819834783456 2.898548015176832
 -1.517089270499968 -1.910493603565925 -1.689484397108516 -2.212498384837909 -1.215429232782241 -1.871666612612558 -1.193208580509463 -2.363935417054371 -1.607104405551742 -2.235409979770639 -1.739095981416584 -1.561533465658748 -1.377178888045647 -0.5706218469238631 -0.7496120534638607 -1.61902298726315
 -0.3193248482514423 -0.2836840411746162 -0.7343415014172155 -1.916418752945082 -0.2205003266173745 -1.025593360031612 -1.121312426715897 -2.491550294158484 -0.3778815408910458 -0.2045865929416051 -0.5958986550311983 -1.78965869107851 0.04393116947739351 -0.3418706378789716 -0.9007558077458145 -1.495506700969193
 0.4367286743097469 -0.3295373945327741 0.1637223382600856 0.1319228511488228 0.5348434160131815 -0.8495794529529829 -0.1560827284522779 0.9464775138981572 0.2595790820940684 0.1188785198854792 0.08555567573036771 0.6228081274001509 0.4228434789269159 -0.01839845146900715 0.3021855062618801 1.566450661959105
 -1.192392902299938 -1.655003911009213 -1.23173605048356 -1.332267315390933 -1.303339703279625 -1.789103121092054 -1.808019757674245 -1.556028063204097 -1.282947834625012 -1.76362468966972 -1.325057786380424 -1.076596480233997 -1.10988043789501 -2.026571325140872 -1.457825836880975 -1.087463905110413
 0.2576258229024876 0.9697628598247149 0.4582692833339341 0.6242279773787484 0.1532548407777713 1.279169689073423 0.2685346140420891 0.2602878118940047 0.3101286222644688 1.473212733061406 0.7051087331253507 0.328185941792941 0.2841546757730535 1.012155603891536 -0.095180017296875 0.07544871900486391
 -0.8651308107417827 -0.9637680225474645 -0.7430027828986078 -0.1530274669108844 -0.9693199118976267 -0.9954126409862611 -0.8506902460600382 0.349765251773005 -0.8807485644083932 -0.8187596667034298 -0.4667326133165457 -0.1029962992611663 -1.148856384703734 -0.8151061271930584 -1.034140137753789 0.2999526847707117
 0.2182064883790636 0.5566880055795721 0.1247336647252168 0.7100410086446541 0.1415204951257885 1.004877754407169 0.3842675842399579 0.9821180671186527 0.1669680522656928 0.6697773444732805 0.3238617689421156 0.3703570768212067 0.1775945773318412 0.7667290399082183 0.1394252154506274 0.6431207348749274
 -0.02607574938884837 -0.1238596275605412 -0.05925778972522807 -0.1124321769542062 -0.05067297791598646 -0.1617959001448785 0.1528761142125898 -0.5983767789727408 -0.114424916411052 -0.1340984771383578 -0.1060169649150421 -0.1145764602417959 -0.2212066310685558 -0.5503515579286634 0.06851746090694026 -0.8687991844888328
 0.1107710684630994 -0.01584294575093435 0.116023108020011 -0.2016428301827237 0.2066182684211674 -0.3233852609842742 0.2319315118620399 -0.5876373055043261 0.2560420721261261 -0.4097405265263022 0.06937553073353696 -0.4803662130894172 0.2511698602223113 -0.3391878445502647 0.05976312150055688 -0.5774036574709995
 0.1608832773566151 -0.09985185495015741 0.04444263906318467 0.1924258515362808 0.2506445160804045 -0.05208373811609302 0.3769025533543074 0.5928844190493899 0.1887089927038001 -0.01404361440705423 -0.1182953471277876 0.1931437391949891 0.1611625271614534 0.7464490142658754 0.5248110611851009 0.527241088727886
 -0.1178320052233535 -0.2013714984724601 -0.05218040790528654 -0.4370946000976391 -0.05997120454233801 -0.5849773201916295 0.00151229478571319 -0.6670039741969885 -0.088222300767355 -0.3385913872528208 -0.1932699690124121 -0.4351509745304594 0.02629582649315581 -0.6098133421003836 0.007237967798983891 -0.3779268263333377
 -0.1922046457572414 -0.01223420882764324 -0.07546180626442756 -0.2455656552142465 -0.1247823386595749 0.1996362170058147 -0.2499201186335793 0.169320130686111 -0.2456222989338187 0.2400075621495462 -0.1078444295142214 0.04012269748441622 -0.1979857541072693 0.189703053846281 -0.1005389840572678 0.2591745896394376
 -0.3003249341468278 -0.2386818779631945 -0.2481321709557665 0.01132971000202077 -0.2980749150670559 -0.0572248267045042 -0.4811939707051618 -0.1220755799699687 -0.2944914279668776 -0.2429616362357263 -0.1051485434812733 0.1298132032637803 -0.1432249843450593 -0.2608204925162834 -0.2118362696859038 0.0370136495149517
 -0.1139177403586272 0.3257626395712809 -0.06160041075883062 0.4181473639883382 -0.01991862278435767 0.4996198052169308 -0.1500735686358734 0.07550480553540684 -0.04261924143470087 0.3943673737757626 0.2223458627797042 0.375955210752321 -0.0306870884176291 0.3995564680085505 -0.1447370928676476 0.1285427273416541





